#Parameters = {R=10001}
#"Frequency / GHz"	"S1,1 [Magnitude / dB]"
#-----------------------------------------
0.050000000745058	-7.7451652441396
0.050149999558926	-7.8533683671252
0.050299998372793	-7.9593386933121
0.050450000911951	-8.0624312118901
0.050599999725819	-8.1621622128719
0.050749998539686	-8.2582413835142
0.050900001078844	-8.3506010499052
0.051049999892712	-8.4393928726521
0.051199998706579	-8.5249815967734
0.051350001245737	-8.6079377520058
0.051500000059605	-8.6889930671412
0.051649998873472	-8.7690175822407
0.051800001412630	-8.8489634624005
0.051950000226498	-8.9298272248664
0.052099999040365	-9.0125974281096
0.052250001579523	-9.0982162727783
0.052400000393391	-9.1875311992539
0.052549999207258	-9.2812689634490
0.052700001746416	-9.3800019517241
0.052850000560284	-9.4841275968972
0.052999999374151	-9.5938512978204
0.053149998188019	-9.7091819722735
0.053300000727177	-9.8299227358467
0.053449999541044	-9.9556823735851
0.053599998354912	-10.085887479209
0.053750000894070	-10.219802481444
0.053899999707937	-10.356550024430
0.054049998521805	-10.495160406821
0.054200001060963	-10.634604944121
0.054349999874830	-10.773849975846
0.054499998688698	-10.911905507627
0.054650001227856	-11.047886141297
0.054800000041723	-11.181065216665
0.054949998855591	-11.310908243590
0.055100001394749	-11.437125390747
0.055250000208616	-11.559689617349
0.055399999022484	-11.678840166700
0.055550001561642	-11.795078845091
0.055700000375509	-11.909151566964
0.055849999189377	-12.022000727343
0.056000001728535	-12.134720617945
0.056150000542402	-12.248511418441
0.056299999356270	-12.364611536704
0.056449998170137	-12.484247662830
0.056600000709295	-12.608579184100
0.056749999523163	-12.738652328559
0.056899998337030	-12.875354475630
0.057050000876188	-13.019388522128
0.057199999690056	-13.171240063902
0.057349998503923	-13.331155773749
0.057500001043081	-13.499137949372
0.057649999856949	-13.674936673998
0.057799998670816	-13.858053783977
0.057950001209974	-14.047753223688
0.058100000023842	-14.243089058874
0.058249998837709	-14.442935737292
0.058400001376867	-14.646031821449
0.058550000190735	-14.851037936182
0.058699999004602	-15.056606192884
0.058850001543760	-15.261454948330
0.059000000357628	-15.464448172702
0.059149999171495	-15.664673756837
0.059300001710653	-15.861517203171
0.059450000524521	-16.054715583787
0.059599999338388	-16.244395886942
0.059749998152256	-16.431086371784
0.059900000691414	-16.615706746541
0.060049999505281	-16.799529229732
0.060199998319149	-16.984121356964
0.060350000858307	-17.171278654981
0.060499999672174	-17.362941925265
0.060649998486042	-17.561117816726
0.060800001025200	-17.767802794204
0.060949999839067	-17.984910836247
0.061099998652935	-18.214216073376
0.061250001192093	-18.457291609764
0.061400000005960	-18.715478166268
0.061549998819828	-18.989840644383
0.061700001358986	-19.281141276030
0.061850000172853	-19.589819535668
0.061999998986721	-19.915969929455
0.062150001525879	-20.259339529424
0.062300000339746	-20.619317671279
0.062449999153614	-20.994952518793
0.062600001692772	-21.384975115858
0.062749996781349	-21.787847727163
0.062899999320507	-22.201843142212
0.063050001859665	-22.625152513388
0.063199996948242	-23.056032196139
0.063349999487400	-23.492980477796
0.063500002026558	-23.934945917707
0.063649997115135	-24.381540697438
0.063799999654293	-24.833255766866
0.063950002193451	-25.291646165052
0.064099997282028	-25.759487526648
0.064249999821186	-26.240872163931
0.064400002360344	-26.741283280279
0.064549997448921	-27.267640055631
0.064699999988079	-27.828376232846
0.064850002527237	-28.433566151821
0.064999997615814	-29.095202105632
0.065150000154972	-29.827682963787
0.065300002694130	-30.648633898012
0.065449997782707	-31.580288774526
0.065600000321865	-32.651754487196
0.065750002861023	-33.902825581336
0.065899997949600	-35.390537837370
0.066050000488758	-37.200516826557
0.066200003027916	-39.464759189085
0.066349998116493	-42.366534400989
0.066500000655651	-45.871790474223
0.066650003194809	-47.701561306326
0.066799998283386	-45.089535603171
0.066950000822544	-41.737525213299
0.067100003361702	-39.072418049453
0.067249998450279	-36.997437038961
0.067400000989437	-35.337425497783
0.067550003528595	-33.972955763267
0.067699998617172	-32.826246905432
0.067850001156330	-31.844810541657
0.068000003695488	-30.991526671508
0.068149998784065	-30.238933906961
0.068300001323223	-29.565912197925
0.068449996411800	-28.955718829428
0.068599998950958	-28.394801679274
0.068750001490116	-27.872095414689
0.068899996578693	-27.378599742697
0.069049999117851	-26.907128449781
0.069200001657009	-26.452141244275
0.069349996745586	-26.009605488815
0.069499999284744	-25.576862484016
0.069650001823902	-25.152445952892
0.069799996912479	-24.735901388369
0.069949999451637	-24.327563859231
0.070100001990795	-23.928336489252
0.070249997079372	-23.539484760678
0.070399999618530	-23.162439812624
0.070550002157688	-22.798648955382
0.070699997246265	-22.449446741043
0.070849999785423	-22.115965932740
0.071000002324581	-21.799076818637
0.071149997413158	-21.499352720780
0.071299999952316	-21.217050687209
0.071450002491474	-20.952106393669
0.071599997580051	-20.704145795428
0.071750000119209	-20.472498157989
0.071900002658367	-20.256215774353
0.072049997746944	-20.054104036629
0.072200000286102	-19.864754161613
0.072350002825260	-19.686580775219
0.072499997913837	-19.517876834813
0.072650000452995	-19.356855309649
0.072800002992153	-19.201723524169
0.072949998080730	-19.050736562452
0.073100000619888	-18.902271531267
0.073250003159046	-18.754887861718
0.073399998247623	-18.607392468045
0.073550000786781	-18.458879339344
0.073700003325939	-18.308762159591
0.073849998414516	-18.156792332497
0.074000000953674	-18.003045758831
0.074150003492832	-17.847897588475
0.074299998581409	-17.691980256661
0.074450001120567	-17.536126918428
0.074600003659725	-17.381309550919
0.074749998748302	-17.228570625972
0.074900001287460	-17.078963374029
0.075049996376038	-16.933488305250
0.075199998915195	-16.793049292420
0.075350001454353	-16.658409515717
0.075499996542931	-16.530157724294
0.075649999082088	-16.408695862098
0.075800001621246	-16.294214883819
0.075949996709824	-16.186704321902
0.076099999248981	-16.085946671770
0.076250001788139	-15.991532809406
0.076399996876717	-15.902883731457
0.076549999415874	-15.819270116089
0.076700001955032	-15.739850354520
0.076849997043610	-15.663700069971
0.076999999582767	-15.589859633405
0.077150002121925	-15.517372322979
0.077299997210503	-15.445329319134
0.077449999749660	-15.372918708529
0.077600002288818	-15.299458009759
0.077749997377396	-15.224429091470
0.077899999916553	-15.147501002772
0.078050002455711	-15.068541075629
0.078199997544289	-14.987618478126
0.078350000083447	-14.904991687609
0.078500002622604	-14.821083574613
0.078649997711182	-14.736455345628
0.078800000250340	-14.651770665870
0.078950002789497	-14.567746100616
0.079099997878075	-14.485124739241
0.079250000417233	-14.404621595691
0.079400002956390	-14.326896801116
0.079549998044968	-14.252519343044
0.079700000584126	-14.181944133857
0.079850003123283	-14.115496141410
0.079999998211861	-14.053350287502
0.080150000751019	-13.995528872071
0.080300003290176	-13.941911385002
0.080449998378754	-13.892225684329
0.080600000917912	-13.846074746559
0.080750003457069	-13.802948714291
0.080899998545647	-13.762251015744
0.081050001084805	-13.723324239948
0.081200003623962	-13.685481574551
0.081349998712540	-13.648045184828
0.081500001251698	-13.610372825063
0.081649996340275	-13.571895439460
0.081799998879433	-13.532140153253
0.081950001418591	-13.490759361691
0.082099996507168	-13.447546608087
0.082249999046326	-13.402441893796
0.082400001585484	-13.355537819564
0.082549996674061	-13.307064352522
0.082699999213219	-13.257377856446
0.082850001752377	-13.206937536593
0.082999996840954	-13.156275699600
0.083149999380112	-13.105967965239
0.083300001919270	-13.056602046731
0.083449997007847	-13.008750505459
0.083599999547005	-12.962932874993
0.083750002086163	-12.919601311608
0.083899997174740	-12.879114877079
0.084049999713898	-12.841721772824
0.084200002253056	-12.807554589746
0.084349997341633	-12.776624282537
0.084499999880791	-12.748817727977
0.084650002419949	-12.723905779873
0.084799997508526	-12.701557650931
0.084950000047684	-12.681351768966
0.085100002586842	-12.662800800194
0.085249997675419	-12.645370686933
0.085400000214577	-12.628510091661
0.085550002753735	-12.611677191105
0.085699997842312	-12.594368644815
0.085850000381470	-12.576140820456
0.086000002920628	-12.556638123715
0.086149998009205	-12.535610295883
0.086300000548363	-12.512921188774
0.086450003087521	-12.488560577262
0.086599998176098	-12.462639187236
0.086750000715256	-12.435383169311
0.086900003254414	-12.407117650198
0.087049998342991	-12.378250832558
0.087200000882149	-12.349246324337
0.087350003421307	-12.320602247807
0.087499998509884	-12.292821887507
0.087650001049042	-12.266386190446
0.087800003588200	-12.241737939215
0.087949998676777	-12.219248614925
0.088100001215935	-12.199211470240
0.088249996304512	-12.181823692290
0.088399998843670	-12.167179571112
0.088550001382828	-12.155266058688
0.088699996471405	-12.145961941784
0.088849999010563	-12.139050026679
0.089000001549721	-12.134222692531
0.089149996638298	-12.131095620765
0.089299999177456	-12.129231485730
0.089450001716614	-12.128151472090
0.089599996805191	-12.127372805819
0.089749999344349	-12.126419629700
0.089900001883507	-12.124856026568
0.090049996972084	-12.122303132310
0.090199999511242	-12.118462499229
0.090350002050400	-12.113130141882
0.090499997138977	-12.106206553884
0.090649999678135	-12.097706500081
0.090800002217293	-12.087745228063
0.090949997305870	-12.076545165317
0.091099999845028	-12.064414346430
0.091250002384186	-12.051729595763
0.091399997472763	-12.038918296011
0.091550000011921	-12.026433927651
0.091700002551079	-12.014729341597
0.091849997639656	-12.004238699854
0.092000000178814	-11.995356262835
0.092150002717972	-11.988408808901
0.092299997806549	-11.983649535401
0.092450000345707	-11.981243684057
0.092600002884865	-11.981257367873
0.092749997973442	-11.983661297139
0.092900000512600	-11.988325136580
0.093050003051758	-11.995029073002
0.093199998140335	-12.003470302799
0.093350000679493	-12.013277399280
0.093500003218651	-12.024028418833
0.093649998307228	-12.035274750803
0.093800000846386	-12.046553034084
0.093950003385544	-12.057420025328
0.094099998474121	-12.067466883596
0.094250001013279	-12.076342354364
0.094400003552437	-12.083776131163
0.094549998641014	-12.089581207237
0.094700001180172	-12.093677571135
0.094850003719330	-12.096086378990
0.094999998807907	-12.096931851105
0.095150001347065	-12.096434080885
0.095299996435642	-12.094893769177
0.095449998974800	-12.092678165346
0.095600001513958	-12.090196601859
0.095749996602535	-12.087887510569
0.095899999141693	-12.086186242748
0.096050001680851	-12.085505575951
0.096199996769428	-12.086217548616
0.096349999308586	-12.088634545325
0.096500001847744	-12.092994554824
0.096649996936321	-12.099446949435
0.096799999475479	-12.108048008313
0.096950002014637	-12.118761449557
0.097099997103214	-12.131451176617
0.097249999642372	-12.145894046041
0.097400002181530	-12.161787231465
0.097549997270107	-12.178763552071
0.097699999809265	-12.196402583146
0.097850002348423	-12.214260182839
0.097999997437000	-12.231879597859
0.098149999976158	-12.248820395115
0.098300002515316	-12.264678084760
0.098449997603893	-12.279103954479
0.098600000143051	-12.291828142679
0.098750002682209	-12.302666181139
0.098899997770786	-12.311534667753
0.099050000309944	-12.318452873346
0.099200002849102	-12.323539331367
0.099349997937679	-12.327009309770
0.099500000476837	-12.329158202424
0.099650003015995	-12.330346203109
0.099799998104572	-12.330981307937
0.099950000643730	-12.331493433370
0.10010000318289	-12.332314981550
0.10024999827147	-12.333858861870
0.10040000081062	-12.336497978426
0.10055000334978	-12.340544668069
0.10069999843836	-12.346238762427
0.10085000097752	-12.353734898723
0.10100000351667	-12.363095702340
0.10114999860525	-12.374286543978
0.10130000114441	-12.387178873719
0.10145000368357	-12.401555269245
0.10159999877214	-12.417113115109
0.10175000131130	-12.433486053751
0.10189999639988	-12.450253842946
0.10204999893904	-12.466964755547
0.10220000147820	-12.483155220223
0.10234999656677	-12.498371619858
0.10249999910593	-12.512196240221
0.10265000164509	-12.524259627732
0.10279999673367	-12.534271326848
0.10294999927282	-12.542025305928
0.10310000181198	-12.547415486694
0.10324999690056	-12.550436894937
0.10339999943972	-12.551188601351
0.10355000197887	-12.549869124237
0.10369999706745	-12.546757885887
0.10384999960661	-12.542207060927
0.10400000214577	-12.536620923104
0.10414999723434	-12.530430491441
0.10429999977350	-12.524076112205
0.10445000231266	-12.517982837681
0.10459999740124	-12.512540200469
0.10474999994040	-12.508084791186
0.10490000247955	-12.504879603541
0.10504999756813	-12.503107506661
0.10520000010729	-12.502858322415
0.10535000264645	-12.504128133688
0.10549999773502	-12.506813508140
0.10565000027418	-12.510722237860
0.10580000281334	-12.515574783352
0.10594999790192	-12.521019372487
0.10610000044107	-12.526647000451
0.10625000298023	-12.532010677021
0.10639999806881	-12.536640426478
0.10655000060797	-12.540076362208
0.10670000314713	-12.541882910804
0.10684999823570	-12.541668631231
0.10700000077486	-12.539114860664
0.10715000331402	-12.533984978058
0.10729999840260	-12.526139431282
0.10745000094175	-12.515544517603
0.10760000348091	-12.502268932810
0.10774999856949	-12.486486978814
0.10790000110865	-12.468463240170
0.10805000364780	-12.448538003434
0.10819999873638	-12.427114719945
0.10835000127554	-12.404632813781
0.10849999636412	-12.381553852150
0.10864999890327	-12.358324260836
0.10880000144243	-12.335373022280
0.10894999653101	-12.313073628083
0.10909999907017	-12.291738396744
0.10925000160933	-12.271600385199
0.10939999669790	-12.252801932247
0.10954999923706	-12.235394957053
0.10970000177622	-12.219329382286
0.10984999686480	-12.204458592194
0.10999999940395	-12.190552554869
0.11015000194311	-12.177296635397
0.11029999703169	-12.164317486189
0.11044999957085	-12.151187818850
0.11060000211000	-12.137460586516
0.11074999719858	-12.122678194222
0.11089999973774	-12.106400684058
0.11105000227690	-12.088230175565
0.11119999736547	-12.067829338987
0.11134999990463	-12.044938253932
0.11150000244379	-12.019390560223
0.11164999753237	-11.991125164809
0.11180000007153	-11.960184754020
0.11195000261068	-11.926719662092
0.11209999769926	-11.890974227332
0.11225000023842	-11.853280083772
0.11240000277758	-11.814038187052
0.11254999786615	-11.773694419519
0.11270000040531	-11.732720741156
0.11285000294447	-11.691593129798
0.11299999803305	-11.650766945394
0.11315000057220	-11.610657244545
0.11330000311136	-11.571618424076
0.11344999819994	-11.533933067175
0.11360000073910	-11.497792475906
0.11375000327826	-11.463298479085
0.11389999836683	-11.430452022176
0.11405000090599	-11.399155238495
0.11420000344515	-11.369219270714
0.11434999853373	-11.340370862416
0.11450000107288	-11.312265546740
0.11465000361204	-11.284504178240
0.11479999870062	-11.256653402972
0.11495000123978	-11.228265197782
0.11509999632835	-11.198900403431
0.11524999886751	-11.168152913424
0.11540000140667	-11.135668593705
0.11554999649525	-11.101169924442
0.11569999903440	-11.064464751294
0.11585000157356	-11.025464805856
0.11599999666214	-10.984187021983
0.11614999920130	-10.940751509970
0.11630000174046	-10.895384926027
0.11644999682903	-10.848399753502
0.11659999936819	-10.800179676138
0.11675000190735	-10.751166686596
0.11689999699593	-10.701831958254
0.11704999953508	-10.652655651447
0.11720000207424	-10.604106222692
0.11734999716282	-10.556613182241
0.11749999970198	-10.510549234552
0.11765000224113	-10.466218417247
0.11779999732971	-10.423837640605
0.11794999986887	-10.383527718043
0.11810000240803	-10.345309445630
0.11824999749660	-10.309107961133
0.11840000003576	-10.274746732971
0.11855000257492	-10.241961121227
0.11869999766350	-10.210413289044
0.11885000020266	-10.179703273980
0.11900000274181	-10.149391642592
0.11914999783039	-10.119020567131
0.11930000036955	-10.088131989910
0.11945000290871	-10.056300631020
0.11959999799728	-10.023150489451
0.11975000053644	-9.9883774728681
0.11990000307560	-9.9517640878975
0.12004999816418	-9.9131992245262
0.12020000070333	-9.8726765510725
0.12035000324249	-9.8303002205412
0.12049999833107	-9.7862822712154
0.12065000087023	-9.7409223609567
0.12080000340939	-9.6946086124663
0.12094999849796	-9.6477797237537
0.12110000103712	-9.6009133477573
0.12125000357628	-9.5544985937019
0.12139999866486	-9.5090114734194
0.12155000120401	-9.4648965641895
0.12169999629259	-9.4225348558654
0.12184999883175	-9.3822433590493
0.12200000137091	-9.3442399587778
0.12214999645948	-9.3086523977169
0.12229999899864	-9.2754979929695
0.12245000153780	-9.2446882833672
0.12259999662638	-9.2160370957276
0.12274999916553	-9.1892583451731
0.12290000170469	-9.1639884024895
0.12304999679327	-9.1397975902818
0.12319999933243	-9.1162127868767
0.12335000187159	-9.0927381902004
0.12349999696016	-9.0688838602471
0.12364999949932	-9.0441874499683
0.12380000203848	-9.0182449445541
0.12394999712706	-8.9907297171500
0.12409999966621	-8.9614074693859
0.12425000220537	-8.9301603528219
0.12439999729395	-8.8969867143434
0.12454999983311	-8.8620056862427
0.12470000237226	-8.8254489798320
0.12484999746084	-8.7876548387017
0.12500000000000	-8.7490432744871
0.12514999508858	-8.7101009356276
0.12530000507832	-8.6713476654636
0.12545000016689	-8.6333201805963
0.12559999525547	-8.5965347911882
0.12575000524521	-8.5614710621973
0.12590000033379	-8.5285416565760
0.12604999542236	-8.4980770582625
0.12620000541210	-8.4703069484600
0.12635000050068	-8.4453527764852
0.12649999558926	-8.4232130728755
0.12665000557899	-8.4037738920564
0.12680000066757	-8.3868049496861
0.12694999575615	-8.3719692989578
0.12710000574589	-8.3588405012002
0.12725000083447	-8.3469224831008
0.12739999592304	-8.3356708143847
0.12755000591278	-8.3245211724412
0.12770000100136	-8.3129164242263
0.12784999608994	-8.3003421157794
0.12800000607967	-8.2863477749929
0.12815000116825	-8.2705791866074
0.12829999625683	-8.2528001197050
0.12845000624657	-8.2329041209647
0.12860000133514	-8.2109272936510
0.12874999642372	-8.1870448264230
0.12890000641346	-8.1615680962541
0.12905000150204	-8.1349237818013
0.12919999659061	-8.1076360643560
0.12935000658035	-8.0802979801261
0.12950000166893	-8.0535409082751
0.12964999675751	-8.0280006623014
0.12980000674725	-8.0042920986861
0.12995000183582	-7.9829698885847
0.13009999692440	-7.9645111802211
0.13025000691414	-7.9492852166382
0.13040000200272	-7.9375386225974
0.13054999709129	-7.9293821111968
0.13070000708103	-7.9247826258924
0.13085000216961	-7.9235648455697
0.13099999725819	-7.9254109191293
0.13115000724792	-7.9298823556724
0.13130000233650	-7.9364292489458
0.13144999742508	-7.9444176565149
0.13160000741482	-7.9531615378455
0.13175000250340	-7.9619527448767
0.13189999759197	-7.9701085587711
0.13204999268055	-7.9769986557205
0.13220000267029	-7.9820895913178
0.13234999775887	-7.9849795038479
0.13249999284744	-7.9854267697132
0.13265000283718	-7.9833630172114
0.13279999792576	-7.9789126682297
0.13294999301434	-7.9723829862976
0.13310000300407	-7.9642569792577
0.13324999809265	-7.9551690127676
0.13339999318123	-7.9458708142458
0.13355000317097	-7.9371985589318
0.13369999825954	-7.9300296272949
0.13384999334812	-7.9252398483922
0.13400000333786	-7.9236608279322
0.13414999842644	-7.9260434338696
0.13429999351501	-7.9330223165057
0.13445000350475	-7.9450852460989
0.13459999859333	-7.9625524215968
0.13474999368191	-7.9855547913016
0.13490000367165	-8.0140314703532
0.13504999876022	-8.0477211879812
0.13519999384880	-8.0861739129036
0.13535000383854	-8.1287611855310
0.13549999892712	-8.1747066887426
0.13564999401569	-8.2231112025866
0.13580000400543	-8.2730062292098
0.13594999909401	-8.3233989603111
0.13609999418259	-8.3733287097495
0.13625000417233	-8.4219378128937
0.13639999926090	-8.4685216983558
0.13654999434948	-8.5125944334078
0.13670000433922	-8.5539279350735
0.13684999942780	-8.5925982611729
0.13699999451637	-8.6289832690633
0.13715000450611	-8.6637801915896
0.13729999959469	-8.6979733701524
0.13744999468327	-8.7327969272243
0.13760000467300	-8.7696915408929
0.13774999976158	-8.8102395613296
0.13789999485016	-8.8561043872554
0.13805000483990	-8.9089640341612
0.13819999992847	-8.9704523958075
0.13834999501705	-9.0421009122994
0.13850000500679	-9.1252910258629
0.13865000009537	-9.2212114562841
0.13879999518394	-9.3308183911891
0.13895000517368	-9.4548128908646
0.13910000026226	-9.5936113471002
0.13924999535084	-9.7473381687985
0.13940000534058	-9.9158170382939
0.13955000042915	-10.098573023212
0.13969999551773	-10.294865570327
0.13985000550747	-10.503716957873
0.14000000059605	-10.723985806711
0.14014999568462	-10.954466723481
0.14030000567436	-11.194011092941
0.14045000076294	-11.441696129936
0.14059999585152	-11.697020240727
0.14075000584126	-11.960118060337
0.14090000092983	-12.231999457410
0.14104999601841	-12.514775318402
0.14120000600815	-12.811886745570
0.14135000109673	-13.128320497294
0.14149999618530	-13.470823046423
0.14165000617504	-13.848158959084
0.14180000126362	-14.271451612432
0.14194999635220	-14.754706100267
0.14210000634193	-15.315657900631
0.14225000143051	-15.977193324985
0.14239999651909	-16.769727879558
0.14255000650883	-17.735362327153
0.14270000159740	-18.935318558306
0.14284999668598	-20.463859788192
0.14300000667572	-22.474186659496
0.14315000176430	-25.213018379653
0.14329999685287	-28.839676471114
0.14345000684261	-30.807787976966
0.14360000193119	-27.226650914223
0.14374999701977	-23.166495433722
0.14390000700951	-20.021033066135
0.14405000209808	-17.543131541850
0.14419999718666	-15.512640186483
0.14435000717640	-13.796463355551
0.14450000226498	-12.312963932334
0.14464999735355	-11.009490794669
0.14480000734329	-9.8504105563608
0.14495000243187	-8.8105921105699
0.14509999752045	-7.8716794591800
0.14524999260902	-7.0198730430671
0.14540000259876	-6.2445291776681
0.14554999768734	-5.5372705482660
0.14569999277592	-4.8913679439517
0.14585000276566	-4.3013321631401
0.14599999785423	-3.7626109273513
0.14614999294281	-3.2713820735872
0.14630000293255	-2.8243859171124
0.14644999802113	-2.4188116042618
0.14659999310970	-2.0522019570763
0.14675000309944	-1.7223786006246
0.14689999818802	-1.4273857174211
0.14704999327660	-1.1654402046988
0.14720000326633	-0.93489048859432
0.14734999835491	-0.73418408040499
0.14749999344349	-0.56183462349240
0.14765000343323	-0.41639853277803
0.14779999852180	-0.29644520079119
0.14794999361038	-0.20053943204738
0.14810000360012	-0.12721800547006
0.14824999868870	-0.074976312793382
0.14839999377728	-0.042247986560390
0.14855000376701	-0.027392715344477
0.14869999885559	-0.028691774374815
0.14884999394417	-0.044340096437553
0.14900000393391	-0.072448694135292
0.14914999902248	-0.11105803720012
0.14929999411106	-0.15814979034636
0.14945000410080	-0.21167659840122
0.14959999918938	-0.26959905334315
0.14974999427795	-0.32992801778861
0.14990000426769	-0.39077758267353
0.15004999935627	-0.45041981264335
0.15019999444485	-0.50734173077177
0.15035000443459	-0.56029447726624
0.15049999952316	-0.60833757964927
0.15064999461174	-0.65086679719710
0.15080000460148	-0.68762162818831
0.15094999969006	-0.71867915265854
0.15109999477863	-0.74442713867426
0.15125000476837	-0.76551926696570
0.15139999985695	-0.78281551422581
0.15154999494553	-0.79732394113271
0.15170000493526	-0.81012990982401
0.15185000002384	-0.82233051170895
0.15199999511242	-0.83497507236811
0.15215000510216	-0.84901231052707
0.15230000019073	-0.86524890063448
0.15244999527931	-0.88431579364135
0.15260000526905	-0.90664546092913
0.15275000035763	-0.93245966913658
0.15289999544621	-0.96176656212890
0.15305000543594	-0.99436868172290
0.15320000052452	-1.0298719280879
0.15334999561310	-1.0677101795526
0.15350000560284	-1.1071753548176
0.15365000069141	-1.1474501984469
0.15379999577999	-1.1876507146906
0.15395000576973	-1.2268730181358
0.15410000085831	-1.2642382506171
0.15424999594688	-1.2989422181808
0.15440000593662	-1.3302987079544
0.15455000102520	-1.3577790187944
0.15469999611378	-1.3810397436539
0.15485000610352	-1.3999410833179
0.15500000119209	-1.4145549948330
0.15514999628067	-1.4251545679458
0.15530000627041	-1.4321961906952
0.15545000135899	-1.4362894031694
0.15559999644756	-1.4381587180481
0.15575000643730	-1.4385975299213
0.15590000152588	-1.4384295211948
0.15604999661446	-1.4384591516608
0.15620000660419	-1.4394328825479
0.15635000169277	-1.4420057866697
0.15649999678135	-1.4467104869621
0.15665000677109	-1.4539349969633
0.15680000185966	-1.4639101688293
0.15694999694824	-1.4767018697432
0.15710000693798	-1.4922074039443
0.15725000202656	-1.5101744563947
0.15739999711514	-1.5302005545288
0.15755000710487	-1.5517674198761
0.15770000219345	-1.5742582500818
0.15784999728203	-1.5969943227903
0.15800000727177	-1.6192712278228
0.15815000236034	-1.6403905538851
0.15829999744892	-1.6597056753268
0.15845000743866	-1.6766506004691
0.15860000252724	-1.6907772735549
0.15874999761581	-1.7017764442195
0.15889999270439	-1.7094991192417
0.15905000269413	-1.7139615079516
0.15919999778271	-1.7153413467358
0.15934999287128	-1.7139688674033
0.15950000286102	-1.7103043848501
0.15964999794960	-1.7049091395936
0.15979999303818	-1.6984128197303
0.15995000302792	-1.6914791299523
0.16009999811649	-1.6847680017950
0.16024999320507	-1.6789021497989
0.16040000319481	-1.6744359528603
0.16054999828339	-1.6718319687604
0.16069999337196	-1.6714340283016
0.16085000336170	-1.6734585571106
0.16099999845028	-1.6779851867648
0.16114999353886	-1.6849502141794
0.16130000352859	-1.6941596353377
0.16144999861717	-1.7052907015669
0.16159999370575	-1.7179148584302
0.16175000369549	-1.7315156232506
0.16189999878407	-1.7455198241995
0.16204999387264	-1.7593229959067
0.16220000386238	-1.7723234821396
0.16234999895096	-1.7839512478699
0.16249999403954	-1.7937084199074
0.16265000402927	-1.8011852178776
0.16279999911785	-1.8060950647886
0.16294999420643	-1.8082793390582
0.16310000419617	-1.8077285691027
0.16324999928474	-1.8045690748323
0.16339999437332	-1.7990643129295
0.16355000436306	-1.7915936861053
0.16369999945164	-1.7826334832095
0.16384999454021	-1.7727255183423
0.16400000452995	-1.7624475904356
0.16414999961853	-1.7523833095695
0.16429999470711	-1.7430914978028
0.16445000469685	-1.7350770047306
0.16459999978542	-1.7287653097112
0.16474999487400	-1.7244845980284
0.16490000486374	-1.7224510918450
0.16504999995232	-1.7227561343821
0.16519999504089	-1.7253687579888
0.16535000503063	-1.7301340859795
0.16550000011921	-1.7367829823944
0.16564999520779	-1.7449433319786
0.16580000519753	-1.7541647949665
0.16595000028610	-1.7639333458257
0.16609999537468	-1.7737069989714
0.16625000536442	-1.7829335728231
0.16640000045300	-1.7910921170163
0.16654999554157	-1.7977118167702
0.16670000553131	-1.8024055601705
0.16685000061989	-1.8048865135805
0.16699999570847	-1.8049874642405
0.16715000569820	-1.8026718974642
0.16730000078678	-1.7980291905966
0.16744999587536	-1.7912778673900
0.16760000586510	-1.7827462246926
0.16775000095367	-1.7728564537066
0.16789999604225	-1.7620976790685
0.16805000603199	-1.7509994730488
0.16820000112057	-1.7401072860653
0.16834999620914	-1.7299430758141
0.16850000619888	-1.7209949545332
0.16865000128746	-1.7136756523423
0.16879999637604	-1.7083156158374
0.16895000636578	-1.7051409609389
0.16910000145435	-1.7042680280505
0.16924999654293	-1.7056920895225
0.16940000653267	-1.7092916907779
0.16955000162125	-1.7148388488580
0.16969999670982	-1.7220039625928
0.16985000669956	-1.7303707477857
0.17000000178814	-1.7394651186759
0.17014999687672	-1.7487748269675
0.17030000686646	-1.7577730398725
0.17045000195503	-1.7659489475776
0.17059999704361	-1.7728383878302
0.17075000703335	-1.7780439806910
0.17090000212193	-1.7812646720411
0.17104999721050	-1.7823045702147
0.17120000720024	-1.7810944283210
0.17135000228882	-1.7776841924984
0.17149999737740	-1.7722498285211
0.17165000736713	-1.7650773996697
0.17180000245571	-1.7565522737007
0.17194999754429	-1.7471295998232
0.17209999263287	-1.7373112293984
0.17225000262260	-1.7276264105091
0.17239999771118	-1.7185900276825
0.17254999279976	-1.7106896258468
0.17270000278950	-1.7043512140172
0.17284999787807	-1.6999225402074
0.17299999296665	-1.6976546531130
0.17315000295639	-1.6976954170343
0.17329999804497	-1.7000717390624
0.17344999313354	-1.7047019660969
0.17360000312328	-1.7113879866423
0.17374999821186	-1.7198304089155
0.17389999330044	-1.7296409595395
0.17405000329018	-1.7403642054152
0.17419999837875	-1.7514926811056
0.17434999346733	-1.7625029514064
0.17450000345707	-1.7728748556839
0.17464999854565	-1.7821237343541
0.17479999363422	-1.7898240446087
0.17495000362396	-1.7956351345756
0.17509999871254	-1.7993238586849
0.17524999380112	-1.8007737001315
0.17540000379086	-1.7999910269717
0.17554999887943	-1.7971112793522
0.17569999396801	-1.7923852921796
0.17585000395775	-1.7861686269800
0.17599999904633	-1.7788982834873
0.17614999413490	-1.7710728382653
0.17630000412464	-1.7632200765519
0.17644999921322	-1.7558713176628
0.17659999430180	-1.7495388747533
0.17675000429153	-1.7446779465846
0.17689999938011	-1.7416764781690
0.17704999446869	-1.7408261319128
0.17720000445843	-1.7423179252042
0.17734999954700	-1.7462245539652
0.17749999463558	-1.7524998444368
0.17765000462532	-1.7609817016139
0.17779999971390	-1.7713973687423
0.17794999480247	-1.7833754618897
0.17810000479221	-1.7964623189071
0.17824999988079	-1.8101497920598
0.17839999496937	-1.8238922177214
0.17855000495911	-1.8371421707864
0.17870000004768	-1.8493705511773
0.17884999513626	-1.8601046846802
0.17900000512600	-1.8689509241102
0.17915000021458	-1.8756142725037
0.17929999530315	-1.8799226259610
0.17945000529289	-1.8818305522551
0.17960000038147	-1.8814275115667
0.17974999547005	-1.8789321449357
0.17990000545979	-1.8746766899386
0.18005000054836	-1.8690933397303
0.18019999563694	-1.8626876213910
0.18035000562668	-1.8560071711150
0.18050000071526	-1.8496215231615
0.18064999580383	-1.8440819216636
0.18080000579357	-1.8398997279946
0.18095000088215	-1.8375204260039
0.18109999597073	-1.8372954567045
0.18125000596046	-1.8394749397330
0.18140000104904	-1.8441841655733
0.18154999613762	-1.8514281481980
0.18170000612736	-1.8610815253387
0.18185000121593	-1.8728964115447
0.18199999630451	-1.8865153208261
0.18215000629425	-1.9014846548728
0.18230000138283	-1.9172752271831
0.18244999647141	-1.9333110245442
0.18260000646114	-1.9489953675862
0.18275000154972	-1.9637423662673
0.18289999663830	-1.9770082696957
0.18305000662804	-1.9883264639365
0.18320000171661	-1.9973263219852
0.18334999680519	-2.0037637943040
0.18350000679493	-2.0075319693045
0.18365000188351	-2.0086671790480
0.18379999697208	-2.0073530520844
0.18395000696182	-2.0039034159957
0.18410000205040	-1.9987499941447
0.18424999713898	-1.9924207591845
0.18440000712872	-1.9855029806693
0.18455000221729	-1.9786149925544
0.18469999730587	-1.9723772956245
0.18485000729561	-1.9673746149745
0.18500000238419	-1.9641297723643
0.18514999747276	-1.9630783093570
0.18529999256134	-1.9645439470946
0.18545000255108	-1.9687268169478
0.18559999763966	-1.9756865318264
0.18574999272823	-1.9853484067885
0.18590000271797	-1.9974944367866
0.18604999780655	-2.0117821932012
0.18619999289513	-2.0277490336155
0.18635000288486	-2.0448423580520
0.18649999797344	-2.0624384421827
0.18664999306202	-2.0798763509361
0.18680000305176	-2.0964924139310
0.18694999814034	-2.1116549062569
0.18709999322891	-2.1247972988598
0.18725000321865	-2.1354551251267
0.18739999830723	-2.1432872545044
0.18754999339581	-2.1481068213029
0.18770000338554	-2.1498843125872
0.18784999847412	-2.1487578409806
0.18799999356270	-2.1450195451721
0.18815000355244	-2.1391074855440
0.18829999864101	-2.1315718262039
0.18844999372959	-2.1230536930217
0.18860000371933	-2.1142419970787
0.18874999880791	-2.1058408309790
0.18889999389648	-2.0985359024198
0.18905000388622	-2.0929486370639
0.18919999897480	-2.0896196611487
0.18934999406338	-2.0889683169184
0.18950000405312	-2.0912882768991
0.18964999914169	-2.0967158334930
0.18979999423027	-2.1052325563914
0.18995000422001	-2.1166636533901
0.19009999930859	-2.1306797642574
0.19024999439716	-2.1468160388749
0.19040000438690	-2.1644856261286
0.19054999947548	-2.1830087246716
0.19069999456406	-2.2016466548583
0.19085000455379	-2.2196370010492
0.19099999964237	-2.2362316475073
0.19114999473095	-2.2507448545769
0.19130000472069	-2.2625839080403
0.19144999980927	-2.2712946186266
0.19159999489784	-2.2765805452494
0.19175000488758	-2.2783276042867
0.19189999997616	-2.2766154160489
0.19204999506474	-2.2717088509477
0.19220000505447	-2.2640434291439
0.19235000014305	-2.2542096201988
0.19249999523163	-2.2429100217031
0.19265000522137	-2.2309237116386
0.19280000030994	-2.2190637331928
0.19294999539852	-2.2081385707159
0.19310000538826	-2.1989031417788
0.19325000047684	-2.1920280213861
0.19339999556541	-2.1880596775438
0.19355000555515	-2.1874052917858
0.19370000064373	-2.1903030608184
0.19384999573231	-2.1968121676404
0.19400000572205	-2.2068130386112
0.19415000081062	-2.2200013138687
0.19429999589920	-2.2359082434310
0.19445000588894	-2.2539127794359
0.19460000097752	-2.2732711455292
0.19474999606609	-2.2931449739202
0.19490000605583	-2.3126560809433
0.19505000114441	-2.3309135153638
0.19519999623299	-2.3470742653841
0.19535000622272	-2.3603905283936
0.19550000131130	-2.3702474688528
0.19564999639988	-2.3762133508646
0.19580000638962	-2.3780552441384
0.19595000147820	-2.3757690084423
0.19609999656677	-2.3695729116851
0.19625000655651	-2.3599011320138
0.19640000164509	-2.3473758292168
0.19654999673367	-2.3327775633356
0.19670000672340	-2.3169918387848
0.19685000181198	-2.3009674046895
0.19699999690056	-2.2856629425729
0.19715000689030	-2.2719976900377
0.19730000197887	-2.2608037029787
0.19744999706745	-2.2527910516600
0.19760000705719	-2.2485081620060
0.19775000214577	-2.2483186766183
0.19789999723434	-2.2523831853034
0.19805000722408	-2.2606490989224
0.19820000231266	-2.2728510929342
0.19834999740124	-2.2885191902629
0.19850000739098	-2.3069902552595
0.19865000247955	-2.3274435114330
0.19879999756813	-2.3489289821457
0.19894999265671	-2.3704130452357
0.19910000264645	-2.3908333695070
0.19924999773502	-2.4091474268899
0.19939999282360	-2.4244032818345
0.19955000281334	-2.4357896842589
0.19969999790192	-2.4426859495889
0.19984999299049	-2.4447112761789
0.20000000298023	-2.4417462890314
