#Parameters = {R=10001}
#"Frequency / GHz"	"S1,1 [Magnitude / dB]"
#-----------------------------------------
0.050000000745058	-6.7217119090150
0.050149999558926	-6.8191823116643
0.050299998372793	-6.9222290474881
0.050450000911951	-7.0305335124019
0.050599999725819	-7.1435679920230
0.050749998539686	-7.2606123815041
0.050900001078844	-7.3807838358852
0.051049999892712	-7.5030662859675
0.051199998706579	-7.6263560642108
0.051350001245737	-7.7495138779674
0.051500000059605	-7.8714169549896
0.051649998873472	-7.9910195991837
0.051800001412630	-8.1074147346653
0.051950000226498	-8.2198813284766
0.052099999040365	-8.3279408948907
0.052250001579523	-8.4313782781198
0.052400000393391	-8.5302680128331
0.052549999207258	-8.6249669591358
0.052700001746416	-8.7161037073956
0.052850000560284	-8.8045366916339
0.052999999374151	-8.8913113484799
0.053149998188019	-8.9776033429819
0.053300000727177	-9.0646638813515
0.053449999541044	-9.1537487214596
0.053599998354912	-9.2460708634741
0.053750000894070	-9.3427428714436
0.053899999707937	-9.4447339836715
0.054049998521805	-9.5528317639426
0.054200001060963	-9.6676138900611
0.054349999874830	-9.7894269100877
0.054499998688698	-9.9183730300097
0.054650001227856	-10.054306335060
0.054800000041723	-10.196827298184
0.054949998855591	-10.345306121041
0.055100001394749	-10.498890852633
0.055250000208616	-10.656544592636
0.055399999022484	-10.817078094766
0.055550001561642	-10.979205850219
0.055700000375509	-11.141601778833
0.055849999189377	-11.302964002668
0.056000001728535	-11.462092896403
0.056150000542402	-11.617955206663
0.056299999356270	-11.769753838098
0.056449998170137	-11.916985852957
0.056600000709295	-12.059472924309
0.056749999523163	-12.197390956870
0.056899998337030	-12.331259264029
0.057050000876188	-12.461918280841
0.057199999690056	-12.590486269021
0.057349998503923	-12.718298171472
0.057500001043081	-12.846833315122
0.057649999856949	-12.977651196859
0.057799998670816	-13.112305793154
0.057950001209974	-13.252294998796
0.058100000023842	-13.398982897901
0.058249998837709	-13.553561391931
0.058400001376867	-13.717001237145
0.058550000190735	-13.890020676876
0.058699999004602	-14.073062454493
0.058850001543760	-14.266269523368
0.059000000357628	-14.469483251190
0.059149999171495	-14.682235219691
0.059300001710653	-14.903755267485
0.059450000524521	-15.132984447958
0.059599999338388	-15.368607285759
0.059749998152256	-15.609086121775
0.059900000691414	-15.852718649518
0.060049999505281	-16.097710787943
0.060199998319149	-16.342256463730
0.060350000858307	-16.584636649759
0.060499999672174	-16.823318230570
0.060649998486042	-17.057054257953
0.060800001025200	-17.284967843184
0.060949999839067	-17.506620280941
0.061099998652935	-17.722045037562
0.061250001192093	-17.931752947738
0.061400000005960	-18.136701709270
0.061549998819828	-18.338231265885
0.061700001358986	-18.537977990867
0.061850000172853	-18.737773278636
0.061999998986721	-18.939537829587
0.062150001525879	-19.145173421685
0.062300000339746	-19.356469009336
0.062449999153614	-19.575009262927
0.062600001692772	-19.802110075262
0.062749996781349	-20.038752520205
0.062899999320507	-20.285533247888
0.063050001859665	-20.542627719478
0.063199996948242	-20.809757100069
0.063349999487400	-21.086157155487
0.063500002026558	-21.370561319980
0.063649997115135	-21.661180519022
0.063799999654293	-21.955700508623
0.063950002193451	-22.251281939879
0.064099997282028	-22.544584099700
0.064249999821186	-22.831805802080
0.064400002360344	-23.108759164519
0.064549997448921	-23.370967189374
0.064699999988079	-23.613806108294
0.064850002527237	-23.832678043108
0.064999997615814	-24.023211700757
0.065150000154972	-24.181486103123
0.065300002694130	-24.304235294625
0.065449997782707	-24.389064914722
0.065600000321865	-24.434581755317
0.065750002861023	-24.440494809117
0.065899997949600	-24.407627370403
0.066050000488758	-24.337852419316
0.066200003027916	-24.233965784833
0.066349998116493	-24.099504090170
0.066500000655651	-23.938538481280
0.066650003194809	-23.755453448205
0.066799998283386	-23.554745237013
0.066950000822544	-23.340829166823
0.067100003361702	-23.117899653066
0.067249998450279	-22.889803521724
0.067400000989437	-22.659958176026
0.067550003528595	-22.431301514966
0.067699998617172	-22.206254815561
0.067850001156330	-21.986721097090
0.068000003695488	-21.774073579230
0.068149998784065	-21.569186357471
0.068300001323223	-21.372451653621
0.068449996411800	-21.183803370866
0.068599998950958	-21.002771082052
0.068750001490116	-20.828513800783
0.068899996578693	-20.659889398061
0.069049999117851	-20.495504626482
0.069200001657009	-20.333811922236
0.069349996745586	-20.173182550146
0.069499999284744	-20.012008297301
0.069650001823902	-19.848796961268
0.069799996912479	-19.682268288341
0.069949999451637	-19.511433694109
0.070100001990795	-19.335665980909
0.070249997079372	-19.154738089082
0.070399999618530	-18.968835570073
0.070550002157688	-18.778535820668
0.070699997246265	-18.584771519617
0.070849999785423	-18.388756044656
0.071000002324581	-18.191909791519
0.071149997413158	-17.995769260794
0.071299999952316	-17.801900867395
0.071450002491474	-17.611825782703
0.071599997580051	-17.426946206306
0.071750000119209	-17.248489839000
0.071900002658367	-17.077473942000
0.072049997746944	-16.914663781386
0.072200000286102	-16.760565568961
0.072350002825260	-16.615412925169
0.072499997913837	-16.479168175631
0.072650000452995	-16.351532355564
0.072800002992153	-16.231965891496
0.072949998080730	-16.119708811027
0.073100000619888	-16.013813309588
0.073250003159046	-15.913180576385
0.073399998247623	-15.816610612375
0.073550000786781	-15.722852472287
0.073700003325939	-15.630658669499
0.073849998414516	-15.538841276493
0.074000000953674	-15.446333396103
0.074150003492832	-15.352242328389
0.074299998581409	-15.255884650634
0.074450001120567	-15.156828061177
0.074600003659725	-15.054909192002
0.074749998748302	-14.950222947129
0.074900001287460	-14.843120720442
0.075049996376038	-14.734170308787
0.075199998915195	-14.624122473138
0.075350001454353	-14.513853561389
0.075499996542931	-14.404317520504
0.075649999082088	-14.296487034671
0.075800001621246	-14.191301297929
0.075949996709824	-14.089623427252
0.076099999248981	-13.992200918445
0.076250001788139	-13.899629626366
0.076399996876717	-13.812335182667
0.076549999415874	-13.730559527615
0.076700001955032	-13.654350986028
0.076849997043610	-13.583568827452
0.076999999582767	-13.517888983997
0.077150002121925	-13.456825393835
0.077299997210503	-13.399746348162
0.077449999749660	-13.345906062328
0.077600002288818	-13.294480971703
0.077749997377396	-13.244602419952
0.077899999916553	-13.195405783875
0.078050002455711	-13.146065896755
0.078199997544289	-13.095844187606
0.078350000083447	-13.044121366443
0.078500002622604	-12.990435171853
0.078649997711182	-12.934493118840
0.078800000250340	-12.876197059619
0.078950002789497	-12.815635467384
0.079099997878075	-12.753077860835
0.079250000417233	-12.688952618068
0.079400002956390	-12.623816172902
0.079549998044968	-12.558324434670
0.079700000584126	-12.493182404337
0.079850003123283	-12.429118449185
0.079999998211861	-12.366830977748
0.080150000751019	-12.306964236301
0.080300003290176	-12.250070157283
0.080449998378754	-12.196588913923
0.080600000917912	-12.146824130515
0.080750003457069	-12.100935662945
0.080899998545647	-12.058936271756
0.081050001084805	-12.020683005578
0.081200003623962	-11.985898469252
0.081349998712540	-11.954172168760
0.081500001251698	-11.924987320841
0.081649996340275	-11.897747584424
0.081799998879433	-11.871797650403
0.081950001418591	-11.846463523778
0.082099996507168	-11.821081679744
0.082249999046326	-11.795035901422
0.082400001585484	-11.767786921766
0.082549996674061	-11.738904246762
0.082699999213219	-11.708086319666
0.082850001752377	-11.675173239955
0.082999996840954	-11.640161509787
0.083149999380112	-11.603194252631
0.083300001919270	-11.564551261093
0.083449997007847	-11.524635574174
0.083599999547005	-11.483940192506
0.083750002086163	-11.443028415158
0.083899997174740	-11.402491373760
0.084049999713898	-11.362924902232
0.084200002253056	-11.324892468941
0.084349997341633	-11.288900483864
0.084499999880791	-11.255369940333
0.084650002419949	-11.224623491164
0.084799997508526	-11.196863007454
0.084950000047684	-11.172169224220
0.085100002586842	-11.150497848115
0.085249997675419	-11.131679205457
0.085400000214577	-11.115427929309
0.085550002753735	-11.101361531068
0.085699997842312	-11.089015110224
0.085850000381470	-11.077864981759
0.086000002920628	-11.067356147468
0.086149998009205	-11.056930292636
0.086300000548363	-11.046053991844
0.086450003087521	-11.034250605099
0.086599998176098	-11.021119773856
0.086750000715256	-11.006363293672
0.086900003254414	-10.989798142880
0.087049998342991	-10.971370126944
0.087200000882149	-10.951152877674
0.087350003421307	-10.929341848203
0.087499998509884	-10.906240679722
0.087650001049042	-10.882248328005
0.087800003588200	-10.857827340996
0.087949998676777	-10.833488069708
0.088100001215935	-10.809749394757
0.088249996304512	-10.787121040975
0.088399998843670	-10.766069512261
0.088550001382828	-10.747004586705
0.088699996471405	-10.730248455974
0.088849999010563	-10.716033810680
0.089000001549721	-10.704480785917
0.089149996638298	-10.695601063244
0.089299999177456	-10.689294829170
0.089450001716614	-10.685359258989
0.089599996805191	-10.683491113416
0.089749999344349	-10.683309765481
0.089900001883507	-10.684370593307
0.090049996972084	-10.686191058371
0.090199999511242	-10.688271719314
0.090350002050400	-10.690124243554
0.090499997138977	-10.691294148629
0.090649999678135	-10.691388893634
0.090800002217293	-10.690097439136
0.090949997305870	-10.687203465591
0.091099999845028	-10.682603399986
0.091250002384186	-10.676306430230
0.091399997472763	-10.668435573685
0.091550000011921	-10.659217659675
0.091700002551079	-10.648972979869
0.091849997639656	-10.638092170038
0.092000000178814	-10.627019133580
0.092150002717972	-10.616222263610
0.092299997806549	-10.606170404933
0.092450000345707	-10.597311225978
0.092600002884865	-10.590043852200
0.092749997973442	-10.584704809263
0.092900000512600	-10.581545772036
0.093050003051758	-10.580726875368
0.093199998140335	-10.582307250853
0.093350000679493	-10.586240272196
0.093500003218651	-10.592381298950
0.093649998307228	-10.600487215439
0.093800000846386	-10.610237095882
0.093950003385544	-10.621235971100
0.094099998474121	-10.633043721865
0.094250001013279	-10.645191955011
0.094400003552437	-10.657208440608
0.094549998641014	-10.668641629496
0.094700001180172	-10.679084075771
0.094850003719330	-10.688194092281
0.094999998807907	-10.695714620125
0.095150001347065	-10.701484323999
0.095299996435642	-10.705449177225
0.095449998974800	-10.707664634331
0.095600001513958	-10.708290039521
0.095749996602535	-10.707579537200
0.095899999141693	-10.705869422692
0.096050001680851	-10.703549445098
0.096199996769428	-10.701060134827
0.096349999308586	-10.698846931044
0.096500001847744	-10.697353663930
0.096649996936321	-10.696988487814
0.096799999475479	-10.698109788891
0.096950002014637	-10.701007098122
0.097099997103214	-10.705882206488
0.097249999642372	-10.712850879407
0.097400002181530	-10.721922583574
0.097549997270107	-10.733010977900
0.097699999809265	-10.745931861614
0.097850002348423	-10.760411970730
0.097999997437000	-10.776107130680
0.098149999976158	-10.792607122101
0.098300002515316	-10.809467922325
0.098449997603893	-10.826222337071
0.098600000143051	-10.842411100357
0.098750002682209	-10.857600463611
0.098899997770786	-10.871410126736
0.099050000309944	-10.883530711151
0.099200002849102	-10.893737832535
0.099349997937679	-10.901909840889
0.099500000476837	-10.908027612722
0.099650003015995	-10.912179730583
0.099799998104572	-10.914555279634
0.099950000643730	-10.915430051849
0.10010000318289	-10.915156655844
0.10024999827147	-10.914137627361
0.10040000081062	-10.912808826637
0.10055000334978	-10.911614504491
0.10069999843836	-10.910981744583
0.10085000097752	-10.911301938152
0.10100000351667	-10.912910499269
0.10114999860525	-10.916068673491
0.10130000114441	-10.920953573425
0.10145000368357	-10.927646511873
0.10159999877214	-10.936129807440
0.10175000131130	-10.946292804210
0.10189999639988	-10.957924763897
0.10204999893904	-10.970733790365
0.10220000147820	-10.984355997744
0.10234999656677	-10.998375064844
0.10249999910593	-11.012335388069
0.10265000164509	-11.025774725807
0.10279999673367	-11.038235879284
0.10294999927282	-11.049298995206
0.10310000181198	-11.058595607109
0.10324999690056	-11.065833817581
0.10339999943972	-11.070810528686
0.10355000197887	-11.073425163663
0.10369999706745	-11.073682600750
0.10384999960661	-11.071691328152
0.10400000214577	-11.067654983581
0.10414999723434	-11.061873148110
0.10429999977350	-11.054704983645
0.10445000231266	-11.046565056394
0.10459999740124	-11.037894063769
0.10474999994040	-11.029138210814
0.10490000247955	-11.020723562665
0.10504999756813	-11.013037696850
0.10520000010729	-11.006411481498
0.10535000264645	-11.001099606278
0.10549999773502	-10.997269861634
0.10565000027418	-10.994997376514
0.10580000281334	-10.994258322963
0.10594999790192	-10.994933361375
0.10610000044107	-10.996808292541
0.10625000298023	-10.999586611014
0.10639999806881	-11.002904844497
0.10655000060797	-11.006345680552
0.10670000314713	-11.009455531883
0.10684999823570	-11.011773721834
0.10700000077486	-11.012852878208
0.10715000331402	-11.012273337803
0.10729999840260	-11.009678585254
0.10745000094175	-11.004783496824
0.10760000348091	-10.997395977019
0.10774999856949	-10.987421407787
0.10790000110865	-10.974876707622
0.10805000364780	-10.959880498755
0.10819999873638	-10.942647865306
0.10835000127554	-10.923480678157
0.10849999636412	-10.902753988478
0.10864999890327	-10.880891908876
0.10880000144243	-10.858339803567
0.10894999653101	-10.835556492469
0.10909999907017	-10.812978973600
0.10925000160933	-10.791002535059
0.10939999669790	-10.769969577256
0.10954999923706	-10.750144213028
0.10970000177622	-10.731705920740
0.10984999686480	-10.714739636129
0.10999999940395	-10.699236451276
0.11015000194311	-10.685084979713
0.11029999703169	-10.672083907334
0.11044999957085	-10.659950373077
0.11060000211000	-10.648326251816
0.11074999719858	-10.636809326042
0.11089999973774	-10.624955357002
0.11105000227690	-10.612313584658
0.11119999736547	-10.598444505742
0.11134999990463	-10.582937516062
0.11150000244379	-10.565445815823
0.11164999753237	-10.545692383096
0.11180000007153	-10.523493880282
0.11195000261068	-10.498764647602
0.11209999769926	-10.471528516027
0.11225000023842	-10.441910044991
0.11240000277758	-10.410140158001
0.11254999786615	-10.376530427439
0.11270000040531	-10.341465364818
0.11285000294447	-10.305377161060
0.11299999803305	-10.268729470029
0.11315000057220	-10.231986715628
0.11330000311136	-10.195600314118
0.11344999819994	-10.159976293831
0.11360000073910	-10.125468990982
0.11375000327826	-10.092351856698
0.11389999836683	-10.060815125080
0.11405000090599	-10.030949815191
0.11420000344515	-10.002756865831
0.11434999853373	-9.9761291738631
0.11450000107288	-9.9508724172329
0.11465000361204	-9.9267093866190
0.11479999870062	-9.9032851851708
0.11495000123978	-9.8802022360535
0.11509999632835	-9.8570192036819
0.11524999886751	-9.8332929498824
0.11540000140667	-9.8085848424381
0.11554999649525	-9.7824970810106
0.11569999903440	-9.7546851613037
0.11585000157356	-9.7248842013850
0.11599999666214	-9.6929202421670
0.11614999920130	-9.6587210213780
0.11630000174046	-9.6223247109294
0.11644999682903	-9.5838698394596
0.11659999936819	-9.5435979192123
0.11675000190735	-9.5018373382312
0.11689999699593	-9.4589846471974
0.11704999953508	-9.4154853850936
0.11720000207424	-9.3718090855983
0.11734999716282	-9.3284311832749
0.11749999970198	-9.2858011816590
0.11765000224113	-9.2443317717015
0.11779999732971	-9.2043690285909
0.11794999986887	-9.1661831450305
0.11810000240803	-9.1299524352686
0.11824999749660	-9.0957598271293
0.11840000003576	-9.0635854139673
0.11855000257492	-9.0333102313427
0.11869999766350	-9.0047175049114
0.11885000020266	-8.9775091526222
0.11900000274181	-8.9513191188486
0.11914999783039	-8.9257276383773
0.11930000036955	-8.9002805770964
0.11945000290871	-8.8745241189724
0.11959999799728	-8.8480148306110
0.11975000053644	-8.8203518628647
0.11990000307560	-8.7911960124199
0.12004999816418	-8.7602928290484
0.12020000070333	-8.7274867790416
0.12035000324249	-8.6927246872782
0.12049999833107	-8.6560688716813
0.12065000087023	-8.6176872510853
0.12080000340939	-8.5778510825936
0.12094999849796	-8.5369133085794
0.12110000103712	-8.4952989672994
0.12125000357628	-8.4534736222794
0.12139999866486	-8.4119268820075
0.12155000120401	-8.3711431117288
0.12169999629259	-8.3315743182970
0.12184999883175	-8.2936299331417
0.12200000137091	-8.2576418492944
0.12214999645948	-8.2238607542320
0.12229999899864	-8.1924383126055
0.12245000153780	-8.1634190381523
0.12259999662638	-8.1367430373897
0.12274999916553	-8.1122419436193
0.12290000170469	-8.0896576916605
0.12304999679327	-8.0686348863546
0.12319999933243	-8.0487577147138
0.12335000187159	-8.0295610690385
0.12349999696016	-8.0105515039433
0.12364999949932	-7.9912365072962
0.12380000203848	-7.9711498336972
0.12394999712706	-7.9498801065895
0.12409999966621	-7.9270905823680
0.12425000220537	-7.9025401810633
0.12439999729395	-7.8760958296253
0.12454999983311	-7.8477503446264
0.12470000237226	-7.8176143045504
0.12484999746084	-7.7859129676666
0.12500000000000	-7.7529827897985
0.12514999508858	-7.7192372821765
0.12530000507832	-7.6851639248756
0.12545000016689	-7.6512849786802
0.12559999525547	-7.6181361553310
0.12575000524521	-7.5862357108167
0.12590000033379	-7.5560629007544
0.12604999542236	-7.5280295106168
0.12620000541210	-7.5024619881093
0.12635000050068	-7.4795861048744
0.12649999558926	-7.4595132000645
0.12665000557899	-7.4422336165854
0.12680000066757	-7.4276232487695
0.12694999575615	-7.4154361726635
0.12710000574589	-7.4053251505715
0.12725000083447	-7.3968506455505
0.12739999592304	-7.3895054803015
0.12755000591278	-7.3827373594789
0.12770000100136	-7.3759793099802
0.12784999608994	-7.3686756054051
0.12800000607967	-7.3603179207553
0.12815000116825	-7.3504711766686
0.12829999625683	-7.3388010385066
0.12845000624657	-7.3250950696806
0.12860000133514	-7.3092779194305
0.12874999642372	-7.2914179953434
0.12890000641346	-7.2717271912354
0.12905000150204	-7.2505444508885
0.12919999659061	-7.2283314748145
0.12935000658035	-7.2056331566973
0.12950000166893	-7.1830609456065
0.12964999675751	-7.1612530464282
0.12980000674725	-7.1408482873226
0.12995000183582	-7.1224455191759
0.13009999692440	-7.1065828969012
0.13025000691414	-7.0937031767461
0.13040000200272	-7.0841361316444
0.13054999709129	-7.0780828359106
0.13070000708103	-7.0755980081109
0.13085000216961	-7.0765916783843
0.13099999725819	-7.0808312165384
0.13115000724792	-7.0879414240777
0.13130000233650	-7.0974319158562
0.13144999742508	-7.1087049091354
0.13160000741482	-7.1210974582382
0.13175000250340	-7.1339013789164
0.13189999759197	-7.1464123944071
0.13204999268055	-7.1579597229325
0.13220000267029	-7.1679538780230
0.13234999775887	-7.1759190438237
0.13249999284744	-7.1815298801713
0.13265000283718	-7.1846271748281
0.13279999792576	-7.1852494535145
0.13294999301434	-7.1836176685096
0.13310000300407	-7.1801416626735
0.13324999809265	-7.1753964731439
0.13339999318123	-7.1700923655258
0.13355000317097	-7.1650417875091
0.13369999825954	-7.1611169637755
0.13384999334812	-7.1592058285839
0.13400000333786	-7.1601736583401
0.13414999842644	-7.1648109674902
0.13429999351501	-7.1738111498005
0.13445000350475	-7.1877238775965
0.13459999859333	-7.2069361954513
0.13474999368191	-7.2316548488502
0.13490000367165	-7.2618840564989
0.13504999876022	-7.2974340396110
0.13519999384880	-7.3379179425358
0.13535000383854	-7.3827595857742
0.13549999892712	-7.4312280639362
0.13564999401569	-7.4824583924449
0.13580000400543	-7.5354992167186
0.13594999909401	-7.5893628900168
0.13609999418259	-7.6430773885805
0.13625000417233	-7.6957560627428
0.13639999926090	-7.7466563064053
0.13654999434948	-7.7952343584155
0.13670000433922	-7.8412042688548
0.13684999942780	-7.8845694168242
0.13699999451637	-7.9256455742864
0.13715000450611	-7.9650604560486
0.13729999959469	-8.0037376875548
0.13744999468327	-8.0428685245970
0.13760000467300	-8.0838590988033
0.13774999976158	-8.1282667096132
0.13789999485016	-8.1777492541146
0.13805000483990	-8.2339949116411
0.13819999992847	-8.2986552166874
0.13834999501705	-8.3732973721918
0.13850000500679	-8.4593519008512
0.13865000009537	-8.5580640852830
0.13879999518394	-8.6704670097075
0.13895000517368	-8.7973493162383
0.13910000026226	-8.9392339102311
0.13924999535084	-9.0963721869918
0.13940000534058	-9.2687324152917
0.13955000042915	-9.4560182109786
0.13969999551773	-9.6576840118535
0.13985000550747	-9.8729823209970
0.14000000059605	-10.101028076443
0.14014999568462	-10.340885766974
0.14030000567436	-10.591697277629
0.14045000076294	-10.852833373411
0.14059999585152	-11.124068988627
0.14075000584126	-11.405795472300
0.14090000092983	-11.699239419949
0.14104999601841	-12.006676768234
0.14120000600815	-12.331665693388
0.14135000109673	-12.679257750014
0.14149999618530	-13.056225572817
0.14165000617504	-13.471321026461
0.14180000126362	-13.935606946626
0.14194999635220	-14.462935247271
0.14210000634193	-15.070660631088
0.14225000143051	-15.780690056225
0.14239999651909	-16.621000246577
0.14255000650883	-17.627527540963
0.14270000159740	-18.845426980448
0.14284999668598	-20.324431015269
0.14300000667572	-22.084293103859
0.14315000176430	-23.955125977197
0.14329999685287	-25.131118084101
0.14345000684261	-24.391061111942
0.14360000193119	-22.172396520221
0.14374999701977	-19.711681373118
0.14390000700951	-17.484882493282
0.14405000209808	-15.549410582093
0.14419999718666	-13.867226235609
0.14435000717640	-12.391976208348
0.14450000226498	-11.085421205561
0.14464999735355	-9.9182965758665
0.14480000734329	-8.8684539432868
0.14495000243187	-7.9190013244725
0.14509999752045	-7.0568632992274
0.14524999260902	-6.2717672275469
0.14540000259876	-5.5555052065247
0.14554999768734	-4.9014231349972
0.14569999277592	-4.3040521864557
0.14585000276566	-3.7588322074970
0.14599999785423	-3.2619167790771
0.14614999294281	-2.8100172414546
0.14630000293255	-2.4002807631757
0.14644999802113	-2.0302140883346
0.14659999310970	-1.6975973026057
0.14675000309944	-1.4004324775223
0.14689999818802	-1.1368943386090
0.14704999327660	-0.90528532819664
0.14720000326633	-0.70400748527884
0.14734999835491	-0.53152237756923
0.14749999344349	-0.38633343405984
0.14765000343323	-0.26695326247391
0.14779999852180	-0.17188577921584
0.14794999361038	-0.099601394707270
0.14810000360012	-0.048524666994428
0.14824999868870	-0.017012664176761
0.14839999377728	-0.0033500924637020
0.14855000376701	-0.0057356367212741
0.14869999885559	-0.022283830963387
0.14884999394417	-0.051029002295981
0.14900000393391	-0.089937611175383
0.14914999902248	-0.13693064178225
0.14929999411106	-0.18991397261506
0.14945000410080	-0.24682104512055
0.14959999918938	-0.30566012513363
0.14974999427795	-0.36456929733509
0.14990000426769	-0.42187683614336
0.15004999935627	-0.47615406300797
0.15019999444485	-0.52626493959005
0.15035000443459	-0.57140403706646
0.15049999952316	-0.61111658955092
0.15064999461174	-0.64529912473499
0.15080000460148	-0.67418136401258
0.15094999969006	-0.69829052282472
0.15109999477863	-0.71839603140636
0.15125000476837	-0.73545278526564
0.15139999985695	-0.75052540512017
0.15154999494553	-0.76472232871319
0.15170000493526	-0.77913482745868
0.15185000002384	-0.79477184998128
0.15199999511242	-0.81251837862683
0.15215000510216	-0.83308605659255
0.15230000019073	-0.85699702349738
0.15244999527931	-0.88456264315003
0.15260000526905	-0.91586883862796
0.15275000035763	-0.95078988025249
0.15289999544621	-0.98898987909233
0.15305000543594	-1.0299446416109
0.15320000052452	-1.0729725166221
0.15334999561310	-1.1172654507928
0.15350000560284	-1.1619287557184
0.15365000069141	-1.2060305507452
0.15379999577999	-1.2486499854976
0.15395000576973	-1.2889270605113
0.15410000085831	-1.3261075377066
0.15424999594688	-1.3595943120143
0.15440000593662	-1.3889704737765
0.15455000102520	-1.4140317356091
0.15469999611378	-1.4347879661261
0.15485000610352	-1.4514696399280
0.15500000119209	-1.4644996875820
0.15514999628067	-1.4744694087023
0.15530000627041	-1.4821017281563
0.15545000135899	-1.4882025695007
0.15559999644756	-1.4936173313215
0.15575000643730	-1.4991828910158
0.15590000152588	-1.5056812050753
0.15604999661446	-1.5138065450776
0.15620000660419	-1.5241263661110
0.15635000169277	-1.5370612329146
0.15649999678135	-1.5528677788170
0.15665000677109	-1.5716279554847
0.15680000185966	-1.5932524250654
0.15694999694824	-1.6174802311463
0.15710000693798	-1.6439019691229
0.15725000202656	-1.6719769698951
0.15739999711514	-1.7010570188197
0.15755000710487	-1.7304324315598
0.15770000219345	-1.7593567185678
0.15784999728203	-1.7870944160227
0.15800000727177	-1.8129591105839
0.15815000236034	-1.8363547512723
0.15829999744892	-1.8568056788567
0.15845000743866	-1.8739898216728
0.15860000252724	-1.8877523036607
0.15874999761581	-1.8981162685417
0.15889999270439	-1.9052773009113
0.15905000269413	-1.9095896629487
0.15919999778271	-1.9115478485248
0.15934999287128	-1.9117469832310
0.15950000286102	-1.9108532821510
0.15964999794960	-1.9095621103650
0.15979999303818	-1.9085589251514
0.15995000302792	-1.9084844818918
0.16009999811649	-1.9098995802244
0.16024999320507	-1.9132573402170
0.16040000319481	-1.9188851256037
0.16054999828339	-1.9269674594732
0.16069999337196	-1.9375376067058
0.16085000336170	-1.9504783693555
0.16099999845028	-1.9655309120035
0.16114999353886	-1.9823052364973
0.16130000352859	-2.0003026391335
0.16144999861717	-2.0189374682447
0.16159999370575	-2.0375742953183
0.16175000369549	-2.0555553474765
0.16189999878407	-2.0722401536882
0.16204999387264	-2.0870409303175
0.16220000386238	-2.0994572229045
0.16234999895096	-2.1090990363155
0.16249999403954	-2.1157182836609
0.16265000402927	-2.1192166643042
0.16279999911785	-2.1196529522580
0.16294999420643	-2.1172357851070
0.16310000419617	-2.1123137650364
0.16324999928474	-2.1053471685162
0.16339999437332	-2.0968860090195
0.16355000436306	-2.0875308456761
0.16369999945164	-2.0779017184915
0.16384999454021	-2.0686044706325
0.16400000452995	-2.0601927722005
0.16414999961853	-2.0531470353056
0.16429999470711	-2.0478431335146
0.16445000469685	-2.0445390561578
0.16459999978542	-2.0433644179712
0.16474999487400	-2.0443096539821
0.16490000486374	-2.0472331500079
0.16504999995232	-2.0518674810200
0.16519999504089	-2.0578300898632
0.16535000503063	-2.0646515015716
0.16550000011921	-2.0717913057030
0.16564999520779	-2.0786739522784
0.16580000519753	-2.0847171678969
0.16595000028610	-2.0893654066331
0.16609999537468	-2.0921214465309
0.16625000536442	-2.0925763129161
0.16640000045300	-2.0904332138808
0.16654999554157	-2.0855246873560
0.16670000553131	-2.0778230583614
0.16685000061989	-2.0674417406504
0.16699999570847	-2.0546305997203
0.16715000569820	-2.0397550951669
0.16730000078678	-2.0232771513104
0.16744999587536	-2.0057319900917
0.16760000586510	-1.9876914416688
0.16775000095367	-1.9697345969059
0.16789999604225	-1.9524186070665
0.16805000603199	-1.9362498971590
0.16820000112057	-1.9216558830309
0.16834999620914	-1.9089683042239
0.16850000619888	-1.8984087108000
0.16865000128746	-1.8900760939901
0.16879999637604	-1.8839498272166
0.16895000636578	-1.8798819621539
0.16910000145435	-1.8776160591422
0.16924999654293	-1.8768007495234
0.16940000653267	-1.8769997959204
0.16955000162125	-1.8777271962336
0.16969999670982	-1.8784658337132
0.16985000669956	-1.8787006834575
0.17000000178814	-1.8779423739581
0.17014999687672	-1.8757635946362
0.17030000686646	-1.8718159767152
0.17045000195503	-1.8658591185585
0.17059999704361	-1.8577662367266
0.17075000703335	-1.8475406641559
0.17090000212193	-1.8353086851589
0.17104999721050	-1.8213172952098
0.17120000720024	-1.8059178280020
0.17135000228882	-1.7895445722398
0.17149999737740	-1.7726917256345
0.17165000736713	-1.7558862954438
0.17180000245571	-1.7396570269462
0.17194999754429	-1.7245133390317
0.17209999263287	-1.7109068048061
0.17225000262260	-1.6992231999251
0.17239999771118	-1.6897556336895
0.17254999279976	-1.6826909545324
0.17270000278950	-1.6781035667558
0.17284999787807	-1.6759533424268
0.17299999296665	-1.6760836353597
0.17315000295639	-1.6782340423560
0.17329999804497	-1.6820512522692
0.17344999313354	-1.6871042931053
0.17360000312328	-1.6929112023037
0.17374999821186	-1.6989611720441
0.17389999330044	-1.7047394186919
0.17405000329018	-1.7097620283075
0.17419999837875	-1.7135935291820
0.17434999346733	-1.7158788719435
0.17450000345707	-1.7163612286131
0.17464999854565	-1.7148967074959
0.17479999363422	-1.7114611830153
0.17495000362396	-1.7061562875003
0.17509999871254	-1.6991965243271
0.17524999380112	-1.6909060578468
0.17540000379086	-1.6816877094777
0.17554999887943	-1.6720099795733
0.17569999396801	-1.6623751187931
0.17585000395775	-1.6532933880972
0.17599999904633	-1.6452536648823
0.17614999413490	-1.6387042922932
0.17630000412464	-1.6340201432017
0.17644999921322	-1.6314880973531
0.17659999430180	-1.6312967484588
0.17675000429153	-1.6335200677856
0.17689999938011	-1.6381193728089
0.17704999446869	-1.6449373275728
0.17720000445843	-1.6537110660816
0.17734999954700	-1.6640830033306
0.17749999463558	-1.6756139345695
0.17765000462532	-1.6878125572355
0.17779999971390	-1.7001522807689
0.17794999480247	-1.7121014290517
0.17810000479221	-1.7231532937715
0.17824999988079	-1.7328544945199
0.17839999496937	-1.7408259676309
0.17855000495911	-1.7467934937924
0.17870000004768	-1.7505942573882
0.17884999513626	-1.7521908775084
0.17900000512600	-1.7516816123435
0.17915000021458	-1.7492796070371
0.17929999530315	-1.7453119699695
0.17945000529289	-1.7401975887847
0.17960000038147	-1.7344244999302
0.17974999547005	-1.7285187866452
0.17990000545979	-1.7230166612223
0.18005000054836	-1.7184412354399
0.18019999563694	-1.7152686109837
0.18035000562668	-1.7139055528913
0.18050000071526	-1.7146665152114
0.18064999580383	-1.7177630624559
0.18080000579357	-1.7232879674067
0.18095000088215	-1.7312112589141
0.18109999597073	-1.7413827514216
0.18125000596046	-1.7535340846556
0.18140000104904	-1.7672972554119
0.18154999613762	-1.7822116969100
0.18170000612736	-1.7977597108883
0.18185000121593	-1.8133812908661
0.18199999630451	-1.8285108250901
0.18215000629425	-1.8426016917321
0.18230000138283	-1.8551614372654
0.18244999647141	-1.8657788599913
0.18260000646114	-1.8741480895095
0.18275000154972	-1.8800863656236
0.18289999663830	-1.8835471913579
0.18305000662804	-1.8846229852648
0.18320000171661	-1.8835421125656
0.18334999680519	-1.8806520594385
0.18350000679493	-1.8764049611440
0.18365000188351	-1.8713269976590
0.18379999697208	-1.8659910698433
0.18395000696182	-1.8609876189442
0.18410000205040	-1.8568894062202
0.18424999713898	-1.8542206302356
0.18440000712872	-1.8534344551883
0.18455000221729	-1.8548881746185
0.18469999730587	-1.8588219850619
0.18485000729561	-1.8653491971195
0.18500000238419	-1.8744509400371
0.18514999747276	-1.8859746207789
0.18529999256134	-1.8996374744369
0.18545000255108	-1.9150450506469
0.18559999763966	-1.9316992577388
0.18574999272823	-1.9490333201756
0.18590000271797	-1.9664334256544
0.18604999780655	-1.9832712768306
0.18619999289513	-1.9989397421429
0.18635000288486	-2.0128840152767
0.18649999797344	-2.0246399520760
0.18664999306202	-2.0338548768248
0.18680000305176	-2.0403135503726
0.18694999814034	-2.0439530216055
0.18709999322891	-2.0448616577784
0.18725000321865	-2.0432854632405
0.18739999830723	-2.0396039646039
0.18754999339581	-2.0343147743054
0.18770000338554	-2.0280011078084
0.18784999847412	-2.0213043557087
0.18799999356270	-2.0148837837213
0.18815000355244	-2.0093826998005
0.18829999864101	-2.0053944914096
0.18844999372959	-2.0034353609422
0.18860000371933	-2.0039108719126
0.18874999880791	-2.0071063577522
0.18889999389648	-2.0131572395936
0.18905000388622	-2.0220540172221
0.18919999897480	-2.0336384445440
0.18934999406338	-2.0476054575303
0.18950000405312	-2.0635169046064
0.18964999914169	-2.0808216500824
0.18979999423027	-2.0988835816607
0.18995000422001	-2.1170093514751
0.19009999930859	-2.1344895877839
0.19024999439716	-2.1506273411506
0.19040000438690	-2.1647896611773
0.19054999947548	-2.1764351626519
0.19069999456406	-2.1851514760893
0.19085000455379	-2.1906833764206
0.19099999964237	-2.1929465960301
0.19114999473095	-2.1920323184666
0.19130000472069	-2.1882126399413
0.19144999980927	-2.1819137985054
0.19159999489784	-2.1737015669642
0.19175000488758	-2.1642443002322
0.19189999997616	-2.1542733793400
0.19204999506474	-2.1445481583215
0.19220000505447	-2.1358082544297
0.19235000014305	-2.1287446982938
0.19249999523163	-2.1239521660235
0.19265000522137	-2.1219135226412
0.19280000030994	-2.1229614273225
0.19294999539852	-2.1272721890609
0.19310000538826	-2.1348523618666
0.19325000047684	-2.1455321689077
0.19339999556541	-2.1589807724659
0.19355000555515	-2.1747091409506
0.19370000064373	-2.1920981317001
0.19384999573231	-2.2104266387101
0.19400000572205	-2.2288999148566
0.19415000081062	-2.2467029227640
0.19429999589920	-2.2630290898667
0.19445000588894	-2.2771380329789
0.19460000097752	-2.2883945326218
0.19474999606609	-2.2963123576659
0.19490000605583	-2.3005761492967
0.19505000114441	-2.3010761019893
0.19519999623299	-2.2979109870078
0.19535000622272	-2.2913788006173
0.19550000131130	-2.2819712838873
0.19564999639988	-2.2703394293101
0.19580000638962	-2.2572534024026
0.19595000147820	-2.2435648313573
0.19609999656677	-2.2301534738180
0.19625000655651	-2.2178868690316
0.19640000164509	-2.2075646312801
0.19654999673367	-2.1998919565589
0.19670000672340	-2.1954334610324
0.19685000181198	-2.1945871507691
0.19699999690056	-2.1975700745329
0.19715000689030	-2.2044035733968
0.19730000197887	-2.2149044555666
0.19744999706745	-2.2286969001176
0.19760000705719	-2.2452263870672
0.19775000214577	-2.2637778176158
0.19789999723434	-2.2835101155422
0.19805000722408	-2.3034971975661
0.19820000231266	-2.3227740308399
0.19834999740124	-2.3403841417460
0.19850000739098	-2.3554453102921
0.19865000247955	-2.3671891200238
0.19879999756813	-2.3750209852267
0.19894999265671	-2.3785516889903
0.19910000264645	-2.3776321255867
0.19924999773502	-2.3723600154712
0.19939999282360	-2.3630812724517
0.19955000281334	-2.3503659577509
0.19969999790192	-2.3349768188549
0.19984999299049	-2.3178260020156
0.20000000298023	-2.2999190331656
