#Parameters = {R=10001}
#"Frequency / GHz"	"S1,1 [Magnitude / dB]"
#-----------------------------------------
0.050000000745058	-6.9706437661660
0.050149999558926	-7.0863110684905
0.050299998372793	-7.1993643183367
0.050450000911951	-7.3089267034813
0.050599999725819	-7.4143186911659
0.050749998539686	-7.5150873695239
0.050900001078844	-7.6110462362734
0.051049999892712	-7.7022864023820
0.051199998706579	-7.7891743272374
0.051350001245737	-7.8723296185303
0.051500000059605	-7.9525977678617
0.051649998873472	-8.0310000953202
0.051800001412630	-8.1086828775353
0.051950000226498	-8.1868586131104
0.052099999040365	-8.2667498961370
0.052250001579523	-8.3495322233417
0.052400000393391	-8.4362885246631
0.052549999207258	-8.5279648458800
0.052700001746416	-8.6253351975128
0.052850000560284	-8.7289734156094
0.052999999374151	-8.8392379598399
0.053149998188019	-8.9562462968005
0.053300000727177	-9.0798859513295
0.053449999541044	-9.2098072876761
0.053599998354912	-9.3454305776222
0.053750000894070	-9.4859717369626
0.053899999707937	-9.6304585150991
0.054049998521805	-9.7777758514132
0.054200001060963	-9.9267025511102
0.054349999874830	-10.075969994142
0.054499998688698	-10.224318818433
0.054650001227856	-10.370569985476
0.054800000041723	-10.513685714221
0.054949998855591	-10.652834724186
0.055100001394749	-10.787448514546
0.055250000208616	-10.917255752381
0.055399999022484	-11.042312218299
0.055550001561642	-11.163005278297
0.055700000375509	-11.280023523922
0.055849999189377	-11.394333678550
0.056000001728535	-11.507128654135
0.056150000542402	-11.619759189901
0.056299999356270	-11.733674441891
0.056449998170137	-11.850346664630
0.056600000709295	-11.971212595760
0.056749999523163	-12.097615518841
0.056899998337030	-12.230749279966
0.057050000876188	-12.371619428255
0.057199999690056	-12.521009292775
0.057349998503923	-12.679449727661
0.057500001043081	-12.847207352768
0.057649999856949	-13.024267501463
0.057799998670816	-13.210329353350
0.057950001209974	-13.404811924687
0.058100000023842	-13.606863739743
0.058249998837709	-13.815380383833
0.058400001376867	-14.029042725919
0.058550000190735	-14.246355499200
0.058699999004602	-14.465707670799
0.058850001543760	-14.685444041311
0.059000000357628	-14.903945182250
0.059149999171495	-15.119717216566
0.059300001710653	-15.331483370871
0.059450000524521	-15.538267530356
0.059599999338388	-15.739465586358
0.059749998152256	-15.934894871856
0.059900000691414	-16.124816257505
0.060049999505281	-16.309929619481
0.060199998319149	-16.491333123483
0.060350000858307	-16.670462897343
0.060499999672174	-16.849018673464
0.060649998486042	-17.028864366166
0.060800001025200	-17.211944157852
0.060949999839067	-17.400184582096
0.061099998652935	-17.595419972751
0.061250001192093	-17.799318087913
0.061400000005960	-18.013320295207
0.061549998819828	-18.238594920401
0.061700001358986	-18.475999150069
0.061850000172853	-18.726045057326
0.061999998986721	-18.988872697081
0.062150001525879	-19.264233046010
0.062300000339746	-19.551467184005
0.062449999153614	-19.849490641282
0.062600001692772	-20.156785166953
0.062749996781349	-20.471400248557
0.062899999320507	-20.790956833323
0.063050001859665	-21.112671920501
0.063199996948242	-21.433399372931
0.063349999487400	-21.749692610182
0.063500002026558	-22.057887119806
0.063649997115135	-22.354207407728
0.063799999654293	-22.634901717920
0.063950002193451	-22.896371818733
0.064099997282028	-23.135312106852
0.064249999821186	-23.348842888424
0.064400002360344	-23.534610136860
0.064549997448921	-23.690860610343
0.064699999988079	-23.816484311921
0.064850002527237	-23.911010100752
0.064999997615814	-23.974593043909
0.065150000154972	-24.007969243080
0.065300002694130	-24.012394242750
0.065449997782707	-23.989585596812
0.065600000321865	-23.941652179228
0.065750002861023	-23.871012534118
0.065899997949600	-23.780321684324
0.066050000488758	-23.672383272045
0.066200003027916	-23.550047136640
0.066349998116493	-23.416129545023
0.066500000655651	-23.273312499087
0.066650003194809	-23.124059112263
0.066799998283386	-22.970543269243
0.066950000822544	-22.814580027625
0.067100003361702	-22.657589829651
0.067249998450279	-22.500560773386
0.067400000989437	-22.344049016053
0.067550003528595	-22.188177625195
0.067699998617172	-22.032669486885
0.067850001156330	-21.876897666941
0.068000003695488	-21.719942426237
0.068149998784065	-21.560680049913
0.068300001323223	-21.397879836967
0.068449996411800	-21.230313842678
0.068599998950958	-21.056862085813
0.068750001490116	-20.876626941519
0.068899996578693	-20.689017319667
0.069049999117851	-20.493823173259
0.069200001657009	-20.291248091226
0.069349996745586	-20.081921480952
0.069499999284744	-19.866862495670
0.069650001823902	-19.647427925412
0.069799996912479	-19.425229844716
0.069949999451637	-19.202048392871
0.070100001990795	-18.979734043999
0.070249997079372	-18.760117788393
0.070399999618530	-18.544935249562
0.070550002157688	-18.335754040185
0.070699997246265	-18.133929705823
0.070849999785423	-17.940561929463
0.071000002324581	-17.756473016568
0.071149997413158	-17.582195860689
0.071299999952316	-17.417968716077
0.071450002491474	-17.263740400613
0.071599997580051	-17.119186324732
0.071750000119209	-16.983720376609
0.071900002658367	-16.856523362983
0.072049997746944	-16.736576613171
0.072200000286102	-16.622699645073
0.072350002825260	-16.513591781870
0.072499997913837	-16.407892074888
0.072650000452995	-16.304227226735
0.072800002992153	-16.201283617098
0.072949998080730	-16.097856631316
0.073100000619888	-15.992916571687
0.073250003159046	-15.885654584845
0.073399998247623	-15.775518742389
0.073550000786781	-15.662240266192
0.073700003325939	-15.545840992033
0.073849998414516	-15.426617346702
0.074000000953674	-15.305118033344
0.074150003492832	-15.182093373938
0.074299998581409	-15.058454360571
0.074450001120567	-14.935211399223
0.074600003659725	-14.813411505060
0.074749998748302	-14.694095201146
0.074900001287460	-14.578230294379
0.075049996376038	-14.466677973454
0.075199998915195	-14.360159135587
0.075350001454353	-14.259219013656
0.075499996542931	-14.164220010556
0.075649999082088	-14.075323687036
0.075800001621246	-13.992492152435
0.075949996709824	-13.915494170564
0.076099999248981	-13.843917278799
0.076250001788139	-13.777182486167
0.076399996876717	-13.714578952628
0.076549999415874	-13.655282437455
0.076700001955032	-13.598401164537
0.076849997043610	-13.543010638525
0.076999999582767	-13.488200117240
0.077150002121925	-13.433116277503
0.077299997210503	-13.376995904581
0.077449999749660	-13.319220044840
0.077600002288818	-13.259324595404
0.077749997377396	-13.197039135060
0.077899999916553	-13.132291214854
0.078050002455711	-13.065198904451
0.078199997544289	-12.996068838916
0.078350000083447	-12.925367505384
0.078500002622604	-12.853694155966
0.078649997711182	-12.781737260971
0.078800000250340	-12.710242727128
0.078950002789497	-12.639967169900
0.079099997878075	-12.571639284282
0.079250000417233	-12.505928741783
0.079400002956390	-12.443408061419
0.079549998044968	-12.384534383522
0.079700000584126	-12.329628811376
0.079850003123283	-12.278864034731
0.079999998211861	-12.232259164659
0.080150000751019	-12.189679868334
0.080300003290176	-12.150849401832
0.080449998378754	-12.115358011098
0.080600000917912	-12.082682811321
0.080750003457069	-12.052212331979
0.080899998545647	-12.023276893418
0.081050001084805	-11.995176464359
0.081200003623962	-11.967214931938
0.081349998712540	-11.938738393882
0.081500001251698	-11.909161481101
0.081649996340275	-11.878008205340
0.081799998879433	-11.844922226766
0.081950001418591	-11.809693824539
0.082099996507168	-11.772267550986
0.082249999046326	-11.732740781398
0.082400001585484	-11.691356919177
0.082549996674061	-11.648487933955
0.082699999213219	-11.604611207444
0.082850001752377	-11.560281626499
0.082999996840954	-11.516100718077
0.083149999380112	-11.472680440738
0.083300001919270	-11.430615661694
0.083449997007847	-11.390454416821
0.083599999547005	-11.352667322130
0.083750002086163	-11.317635109588
0.083899997174740	-11.285622531473
0.084049999713898	-11.256772711809
0.084200002253056	-11.231104156947
0.084349997341633	-11.208508121019
0.084499999880791	-11.188752450965
0.084650002419949	-11.171500323027
0.084799997508526	-11.156318761689
0.084950000047684	-11.142702925914
0.085100002586842	-11.130100973723
0.085249997675419	-11.117937193868
0.085400000214577	-11.105648390121
0.085550002753735	-11.092703100315
0.085699997842312	-11.078631894436
0.085850000381470	-11.063061159105
0.086000002920628	-11.045715687370
0.086149998009205	-11.026449590164
0.086300000548363	-11.005240525123
0.086450003087521	-10.982197222041
0.086599998176098	-10.957549106173
0.086750000715256	-10.931632126600
0.086900003254414	-10.904867953691
0.087049998342991	-10.877740483742
0.087200000882149	-10.850775205307
0.087350003421307	-10.824499712581
0.087499998509884	-10.799426236883
0.087650001049042	-10.776026020873
0.087800003588200	-10.754698551898
0.087949998676777	-10.735765666554
0.088100001215935	-10.719449232160
0.088249996304512	-10.705862584089
0.088399998843670	-10.695010500902
0.088550001382828	-10.686785655106
0.088699996471405	-10.680976562628
0.088849999010563	-10.677276628090
0.089000001549721	-10.675299323713
0.089149996638298	-10.674597629005
0.089299999177456	-10.674679950458
0.089450001716614	-10.675046451460
0.089599996805191	-10.675199744034
0.089749999344349	-10.674680592926
0.089900001883507	-10.673086950884
0.090049996972084	-10.670095852751
0.090199999511242	-10.665479693980
0.090350002050400	-10.659121634679
0.090499997138977	-10.651015016502
0.090649999678135	-10.641271486115
0.090800002217293	-10.630101703656
0.090949997305870	-10.617816894896
0.091099999845028	-10.604797874016
0.091250002384186	-10.591485210207
0.091399997472763	-10.578349375937
0.091550000011921	-10.565861788915
0.091700002551079	-10.554482266224
0.091849997639656	-10.544628985046
0.092000000178814	-10.536658529828
0.092150002717972	-10.530849867203
0.092299997806549	-10.527393274872
0.092450000345707	-10.526383755462
0.092600002884865	-10.527808840462
0.092749997973442	-10.531559411761
0.092900000512600	-10.537428408398
0.093050003051758	-10.545123211563
0.093199998140335	-10.554274495766
0.093350000679493	-10.564461427506
0.093500003218651	-10.575220002533
0.093649998307228	-10.586083019948
0.093800000846386	-10.596581039044
0.093950003385544	-10.606285794878
0.094099998474121	-10.614819910048
0.094250001013279	-10.621880858879
0.094400003552437	-10.627256904550
0.094549998641014	-10.630836007986
0.094700001180172	-10.632613784505
0.094850003719330	-10.632692728774
0.094999998807907	-10.631271499413
0.095150001347065	-10.628640543947
0.095299996435642	-10.625157863649
0.095449998974800	-10.621238356722
0.095600001513958	-10.617319109276
0.095749996602535	-10.613848134349
0.095899999141693	-10.611260153013
0.096050001680851	-10.609945900837
0.096199996769428	-10.610241834657
0.096349999308586	-10.612412913240
0.096500001847744	-10.616638256684
0.096649996936321	-10.623002228746
0.096799999475479	-10.631490564550
0.096950002014637	-10.641997616185
0.097099997103214	-10.654318416552
0.097249999642372	-10.668169709754
0.097400002181530	-10.683192055766
0.097549997270107	-10.698972796820
0.097699999809265	-10.715066144923
0.097850002348423	-10.731007438331
0.097999997437000	-10.746343035783
0.098149999976158	-10.760647586976
0.098300002515316	-10.773550667597
0.098449997603893	-10.784748940090
0.098600000143051	-10.794027007499
0.098750002682209	-10.801270406120
0.098899997770786	-10.806463027620
0.099050000309944	-10.809696045111
0.099200002849102	-10.811154464227
0.099349997937679	-10.811113993144
0.099500000476837	-10.809920008774
0.099650003015995	-10.807971640498
0.099799998104572	-10.805696372384
0.099950000643730	-10.803531634345
0.10010000318289	-10.801905252539
0.10024999827147	-10.801203646734
0.10040000081062	-10.801766589888
0.10055000334978	-10.803859367827
0.10069999843836	-10.807667800690
0.10085000097752	-10.813286318664
0.10100000351667	-10.820713576318
0.10114999860525	-10.829853500595
0.10130000114441	-10.840516766326
0.10145000368357	-10.852432029285
0.10159999877214	-10.865255318693
0.10175000131130	-10.878585460158
0.10189999639988	-10.891979734026
0.10204999893904	-10.904983974547
0.10220000147820	-10.917142614470
0.10234999656677	-10.928029741409
0.10249999910593	-10.937264108690
0.10265000164509	-10.944532444647
0.10279999673367	-10.949607575847
0.10294999927282	-10.952351725202
0.10310000181198	-10.952731846527
0.10324999690056	-10.950818843097
0.10339999943972	-10.946779471641
0.10355000197887	-10.940870179855
0.10369999706745	-10.933424336862
0.10384999960661	-10.924828392806
0.10400000214577	-10.915507290476
0.10414999723434	-10.905898733167
0.10429999977350	-10.896436110611
0.10445000231266	-10.887520840613
0.10459999740124	-10.879507543977
0.10474999994040	-10.872684991297
0.10490000247955	-10.867266880175
0.10504999756813	-10.863375040038
0.10520000010729	-10.861043217519
0.10535000264645	-10.860207556329
0.10549999773502	-10.860709645318
0.10565000027418	-10.862310931145
0.10580000281334	-10.864691626917
0.10594999790192	-10.867474413853
0.10610000044107	-10.870236361858
0.10625000298023	-10.872532224455
0.10639999806881	-10.873905913077
0.10655000060797	-10.873930937692
0.10670000314713	-10.872213583339
0.10684999823570	-10.868419504287
0.10700000077486	-10.862296991773
0.10715000331402	-10.853681086098
0.10729999840260	-10.842504609073
0.10745000094175	-10.828807677094
0.10760000348091	-10.812726176663
0.10774999856949	-10.794491996903
0.10790000110865	-10.774412558893
0.10805000364780	-10.752867202841
0.10819999873638	-10.730270248388
0.10835000127554	-10.707068088977
0.10849999636412	-10.683703500960
0.10864999890327	-10.660599090881
0.10880000144243	-10.638140065111
0.10894999653101	-10.616651571350
0.10909999907017	-10.596391143166
0.10925000160933	-10.577528484171
0.10939999669790	-10.560142727665
0.10954999923706	-10.544222854288
0.10970000177622	-10.529661951727
0.10984999686480	-10.516263163312
0.10999999940395	-10.503750116430
0.11015000194311	-10.491785235363
0.11029999703169	-10.479969329766
0.11044999957085	-10.467876204214
0.11060000211000	-10.455065633614
0.11074999719858	-10.441105592955
0.11089999973774	-10.425595308243
0.11105000227690	-10.408185681459
0.11119999736547	-10.388595169108
0.11134999990463	-10.366628097680
0.11150000244379	-10.342186519758
0.11164999753237	-10.315271332000
0.11180000007153	-10.285988758045
0.11195000261068	-10.254535306922
0.11209999769926	-10.221200500034
0.11225000023842	-10.186338764092
0.11240000277758	-10.150365517978
0.11254999786615	-10.113722505976
0.11270000040531	-10.076862472500
0.11285000294447	-10.040233275245
0.11299999803305	-10.004244238401
0.11315000057220	-9.9692559083342
0.11330000311136	-9.9355657799434
0.11344999819994	-9.9033866834507
0.11360000073910	-9.8728484225461
0.11375000327826	-9.8439836821546
0.11389999836683	-9.8167295345401
0.11405000090599	-9.7909345884104
0.11420000344515	-9.7663617792794
0.11434999853373	-9.7426988715471
0.11450000107288	-9.7195782088906
0.11465000361204	-9.6965873974163
0.11479999870062	-9.6732938149274
0.11495000123978	-9.6492653488691
0.11509999632835	-9.6240922833177
0.11524999886751	-9.5974095267723
0.11540000140667	-9.5689131241421
0.11554999649525	-9.5383808002290
0.11569999903440	-9.5056832275534
0.11585000157356	-9.4707907564329
0.11599999666214	-9.4337772703592
0.11614999920130	-9.3948176760399
0.11630000174046	-9.3541731392889
0.11644999682903	-9.3121882574491
0.11659999936819	-9.2692630344118
0.11675000190735	-9.2258407476313
0.11689999699593	-9.1823792041297
0.11704999953508	-9.1393342884587
0.11720000207424	-9.0971345895118
0.11734999716282	-9.0561630860749
0.11749999970198	-9.0167393889000
0.11765000224113	-8.9791077892673
0.11779999732971	-8.9434218227001
0.11794999986887	-8.9097399432622
0.11810000240803	-8.8780297761349
0.11824999749660	-8.8481554682458
0.11840000003576	-8.8199003683633
0.11855000257492	-8.7929625132899
0.11869999766350	-8.7669810458545
0.11885000020266	-8.7415462485508
0.11900000274181	-8.7162161848708
0.11914999783039	-8.6905524874917
0.11930000036955	-8.6641293670522
0.11945000290871	-8.6365579402248
0.11959999799728	-8.6075177875415
0.11975000053644	-8.5767599942946
0.11990000307560	-8.5441345738912
0.12004999816418	-8.5095892421526
0.12020000070333	-8.4731814288512
0.12035000324249	-8.4350717849470
0.12049999833107	-8.3955135963753
0.12065000087023	-8.3548476223651
0.12080000340939	-8.3134764802578
0.12094999849796	-8.2718505004352
0.12110000103712	-8.2304394463702
0.12125000357628	-8.1897122091033
0.12139999866486	-8.1501151205966
0.12155000120401	-8.1120493117226
0.12169999629259	-8.0758491376323
0.12184999883175	-8.0417730166538
0.12200000137091	-8.0099864099645
0.12214999645948	-7.9805562294714
0.12229999899864	-7.9534494828582
0.12245000153780	-7.9285279258412
0.12259999662638	-7.9055613083694
0.12274999916553	-7.8842343510241
0.12290000170469	-7.8641591700385
0.12304999679327	-7.8449002500404
0.12319999933243	-7.8259880221076
0.12335000187159	-7.8069424088271
0.12349999696016	-7.7873021101429
0.12364999949932	-7.7666496527244
0.12380000203848	-7.7446310732968
0.12394999712706	-7.7209717433030
0.12409999966621	-7.6955033744861
0.12425000220537	-7.6681669520382
0.12439999729395	-7.6390174009948
0.12454999983311	-7.6082242233908
0.12470000237226	-7.5760647514505
0.12484999746084	-7.5429020183759
0.12500000000000	-7.5091770170524
0.12514999508858	-7.4753771932083
0.12530000507832	-7.4420129539272
0.12545000016689	-7.4095991815117
0.12559999525547	-7.3786203120128
0.12575000524521	-7.3495103236983
0.12590000033379	-7.3226340189290
0.12604999542236	-7.2982699589535
0.12620000541210	-7.2765897436186
0.12635000050068	-7.2576595462891
0.12649999558926	-7.2414297318427
0.12665000557899	-7.2277367972751
0.12680000066757	-7.2163108945189
0.12694999575615	-7.2067878008571
0.12710000574589	-7.1987221427174
0.12725000083447	-7.1916096936941
0.12739999592304	-7.1849116394780
0.12755000591278	-7.1780807408026
0.12770000100136	-7.1705928955382
0.12784999608994	-7.1619689485053
0.12800000607967	-7.1518103982891
0.12815000116825	-7.1398163934837
0.12829999625683	-7.1258072078848
0.12845000624657	-7.1097308104098
0.12860000133514	-7.0916765232485
0.12874999642372	-7.0718645263656
0.12890000641346	-7.0506399033484
0.12905000150204	-7.0284538018003
0.12919999659061	-7.0058381016510
0.12935000658035	-6.9833850261651
0.12950000166893	-6.9617090395792
0.12964999675751	-6.9414205616076
0.12980000674725	-6.9230947582052
0.12995000183582	-6.9072463384149
0.13009999692440	-6.8942988827228
0.13025000691414	-6.8845680139699
0.13040000200272	-6.8782486055371
0.13054999709129	-6.8753990173926
0.13070000708103	-6.8759372553646
0.13085000216961	-6.8796459158363
0.13099999725819	-6.8861766202206
0.13115000724792	-6.8950636468188
0.13130000233650	-6.9057427218212
0.13144999742508	-6.9175815984350
0.13160000741482	-6.9299035355061
0.13175000250340	-6.9420274048116
0.13189999759197	-6.9532992467189
0.13204999268055	-6.9631377511452
0.13220000267029	-6.9710581373941
0.13234999775887	-6.9767160304588
0.13249999284744	-6.9799218899951
0.13265000283718	-6.9806642632604
0.13279999792576	-6.9791120301092
0.13294999301434	-6.9756105577499
0.13310000300407	-6.9706685852138
0.13324999809265	-6.9649314608097
0.13339999318123	-6.9591514818306
0.13355000317097	-6.9541500461382
0.13369999825954	-6.9507779782341
0.13384999334812	-6.9498738868318
0.13400000333786	-6.9522299558104
0.13414999842644	-6.9585445120541
0.13429999351501	-6.9694016771677
0.13445000350475	-6.9852392775477
0.13459999859333	-7.0063249160053
0.13474999368191	-7.0327524516697
0.13490000367165	-7.0644202184043
0.13504999876022	-7.1010428496903
0.13519999384880	-7.1421519705827
0.13535000383854	-7.1871182961028
0.13549999892712	-7.2351705626772
0.13564999401569	-7.2854347135520
0.13580000400543	-7.3369755385058
0.13594999909401	-7.3888409890648
0.13609999418259	-7.4401305935973
0.13625000417233	-7.4900354517372
0.13639999926090	-7.5379152257332
0.13654999434948	-7.5833306217091
0.13670000433922	-7.6261013671590
0.13684999942780	-7.6663269499683
0.13699999451637	-7.7044030684764
0.13715000450611	-7.7410157365899
0.13729999959469	-7.7771200213551
0.13744999468327	-7.8139070853250
0.13760000467300	-7.8527536211136
0.13774999976158	-7.8951658943270
0.13789999485016	-7.9427239916438
0.13805000483990	-7.9970184992578
0.13819999992847	-8.0595966909602
0.13834999501705	-8.1319117647608
0.13850000500679	-8.2152762593661
0.13865000009537	-8.3108230169484
0.13879999518394	-8.4194785219685
0.13895000517368	-8.5419322971469
0.13910000026226	-8.6786260882174
0.13924999535084	-8.8297383052724
0.13940000534058	-8.9951874856578
0.13955000042915	-9.1746363186381
0.13969999551773	-9.3675201792831
0.13985000550747	-9.5730830563233
0.14000000059605	-9.7904352811514
0.14014999568462	-10.018642196280
0.14030000567436	-10.256823216262
0.14045000076294	-10.504294729903
0.14059999585152	-10.760720968468
0.14075000584126	-11.026291898686
0.14090000092983	-11.301905090773
0.14104999601841	-11.589347615812
0.14120000600815	-11.891465686535
0.14135000109673	-12.212326185372
0.14149999618530	-12.557350247434
0.14165000617504	-12.933454170701
0.14180000126362	-13.349189237713
0.14194999635220	-13.814912871160
0.14210000634193	-14.342980802968
0.14225000143051	-14.947953397069
0.14239999651909	-15.646623308698
0.14255000650883	-16.457433927544
0.14270000159740	-17.397866217260
0.14284999668598	-18.475964208994
0.14300000667572	-19.665878826743
0.14315000176430	-20.846835566624
0.14329999685287	-21.702270501703
0.14345000684261	-21.751427235897
0.14360000193119	-20.801006829859
0.14374999701977	-19.212501321918
0.14390000700951	-17.440589910393
0.14405000209808	-15.725963993174
0.14419999718666	-14.148880905471
0.14435000717640	-12.721595607761
0.14450000226498	-11.433925257957
0.14464999735355	-10.270373420122
0.14480000734329	-9.2158064737170
0.14495000243187	-8.2570357622534
0.14509999752045	-7.3830072951065
0.14524999260902	-6.5845734521276
0.14540000259876	-5.8541656614131
0.14554999768734	-5.1854941942010
0.14569999277592	-4.5732972958874
0.14585000276566	-4.0131360376418
0.14599999785423	-3.5012201814301
0.14614999294281	-3.0342994134368
0.14630000293255	-2.6095373366267
0.14644999802113	-2.2244481881930
0.14659999310970	-1.8768213605869
0.14675000309944	-1.5646671420979
0.14689999818802	-1.2861717442168
0.14704999327660	-1.0396548350302
0.14720000326633	-0.82354428774954
0.14734999835491	-0.63633602049034
0.14749999344349	-0.47657480313075
0.14765000343323	-0.34282813006486
0.14779999852180	-0.23366056938577
0.14794999361038	-0.14762049910838
0.14810000360012	-0.083216069097785
0.14824999868870	-0.038904131072664
0.14839999377728	-0.013073098325468
0.14855000376701	-0.0040357736469738
0.14869999885559	-0.010023521280782
0.14884999394417	-0.029186924545321
0.14900000393391	-0.059604070099355
0.14914999902248	-0.099291967414134
0.14929999411106	-0.14623443817552
0.14945000410080	-0.19841171806095
0.14959999918938	-0.25384122168859
0.14974999427795	-0.31062832564579
0.14990000426769	-0.36701754901603
0.15004999935627	-0.42144635176734
0.15019999444485	-0.47260132214346
0.15035000443459	-0.51945624714738
0.15049999952316	-0.56130650736904
0.15064999461174	-0.59778754682119
0.15080000460148	-0.62886463911607
0.15094999969006	-0.65482151064591
0.15109999477863	-0.67621534075081
0.15125000476837	-0.69382990774358
0.15139999985695	-0.70860959961631
0.15154999494553	-0.72160311257389
0.15170000493526	-0.73388968993207
0.15185000002384	-0.74652388814596
0.15199999511242	-0.76047925750609
0.15215000510216	-0.77660448922021
0.15230000019073	-0.79558440916767
0.15244999527931	-0.81792024855744
0.15260000526905	-0.84390627051914
0.15275000035763	-0.87362632187974
0.15289999544621	-0.90696135208463
0.15305000543594	-0.94358640160928
0.15320000052452	-0.98300089907780
0.15334999561310	-1.0245478755880
0.15350000560284	-1.0674471338836
0.15365000069141	-1.1108315719548
0.15379999577999	-1.1537976820522
0.15395000576973	-1.1954401276412
0.15410000085831	-1.2349084359971
0.15424999594688	-1.2714502643274
0.15440000593662	-1.3044529915395
0.15455000102520	-1.3334748112516
0.15469999611378	-1.3582735967213
0.15485000610352	-1.3788153751173
0.15500000119209	-1.3952726920871
0.15514999628067	-1.4080156807550
0.15530000627041	-1.4175799428519
0.15545000135899	-1.4246396128030
0.15559999644756	-1.4299622932955
0.15575000643730	-1.4343603106436
0.15590000152588	-1.4386575295606
0.15604999661446	-1.4436376829429
0.15620000660419	-1.4500069679189
0.15635000169277	-1.4583644477502
0.15649999678135	-1.4691768712947
0.15665000677109	-1.4827534254146
0.15680000185966	-1.4992430110774
0.15694999694824	-1.5186272266016
0.15710000693798	-1.5407212732254
0.15725000202656	-1.5651893299830
0.15739999711514	-1.5915578604141
0.15755000710487	-1.6192424769945
0.15770000219345	-1.6475773188812
0.15784999728203	-1.6758451477627
0.15800000727177	-1.7033195639471
0.15815000236034	-1.7292996210867
0.15829999744892	-1.7531501977059
0.15845000743866	-1.7743388983400
0.15860000252724	-1.7924598401144
0.15874999761581	-1.8072624577033
0.15889999270439	-1.8186638237334
0.15905000269413	-1.8267499269056
0.15919999778271	-1.8317719560063
0.15934999287128	-1.8341217267248
0.15950000286102	-1.8343183622709
0.15964999794960	-1.8329687839229
0.15979999303818	-1.8307328801469
0.15995000302792	-1.8282888827632
0.16009999811649	-1.8262954392314
0.16024999320507	-1.8253581201679
0.16040000319481	-1.8260013833150
0.16054999828339	-1.8286367584247
0.16069999337196	-1.8335543496308
0.16085000336170	-1.8409036566583
0.16099999845028	-1.8506881486492
0.16114999353886	-1.8627716580167
0.16130000352859	-1.8768782682855
0.16144999861717	-1.8926134219083
0.16159999370575	-1.9094793744718
0.16175000369549	-1.9269011485310
0.16189999878407	-1.9442552067718
0.16204999387264	-1.9609040684313
0.16220000386238	-1.9762285848570
0.16234999895096	-1.9896602775749
0.16249999403954	-2.0007175761777
0.16265000402927	-2.0090267431374
0.16279999911785	-2.0143491851326
0.16294999420643	-2.0165912327875
0.16310000419617	-2.0158077558296
0.16324999928474	-2.0121997035895
0.16339999437332	-2.0061029661659
0.16355000436306	-1.9979611104151
0.16369999945164	-1.9883033229456
0.16384999454021	-1.9777151518271
0.16400000452995	-1.9667985808944
0.16414999961853	-1.9561478958134
0.16429999470711	-1.9463118184972
0.16445000469685	-1.9377703791526
0.16459999978542	-1.9309108460671
0.16474999487400	-1.9260066060018
0.16490000486374	-1.9232118431791
0.16504999995232	-1.9225470974314
0.16519999504089	-1.9239098840865
0.16535000503063	-1.9270691579122
0.16550000011921	-1.9316856786539
0.16564999520779	-1.9373299592481
0.16580000519753	-1.9434975358866
0.16595000028610	-1.9496419039124
0.16609999537468	-1.9551997225644
0.16625000536442	-1.9596239596772
0.16640000045300	-1.9624143160542
0.16654999554157	-1.9631419858654
0.16670000553131	-1.9614779587436
0.16685000061989	-1.9572141106660
0.16699999570847	-1.9502663898224
0.16715000569820	-1.9406911577832
0.16730000078678	-1.9286760854676
0.16744999587536	-1.9145253357103
0.16760000586510	-1.8986486802312
0.16775000095367	-1.8815367296127
0.16789999604225	-1.8637270642996
0.16805000603199	-1.8457857108078
0.16820000112057	-1.8282674943526
0.16834999620914	-1.8116971233784
0.16850000619888	-1.7965313703334
0.16865000128746	-1.7831551229943
0.16879999637604	-1.7718473694691
0.16895000636578	-1.7627804801608
0.16910000145435	-1.7560081678636
0.16924999654293	-1.7514690069674
0.16940000653267	-1.7489819603672
0.16955000162125	-1.7482729522699
0.16969999670982	-1.7489682952475
0.16985000669956	-1.7506313195029
0.17000000178814	-1.7527792047544
0.17014999687672	-1.7549043840195
0.17030000686646	-1.7565038957770
0.17045000195503	-1.7571165112692
0.17059999704361	-1.7563319184962
0.17075000703335	-1.7538273919745
0.17090000212193	-1.7493796314900
0.17104999721050	-1.7428810152976
0.17120000720024	-1.7343441506899
0.17135000228882	-1.7239015681883
0.17149999737740	-1.7118005409205
0.17165000736713	-1.6983829987090
0.17180000245571	-1.6840766442263
0.17194999754429	-1.6693581940855
0.17209999263287	-1.6547380506102
0.17225000262260	-1.6407300591719
0.17239999771118	-1.6278215975745
0.17254999279976	-1.6164564397022
0.17270000278950	-1.6070079937699
0.17284999787807	-1.5997630685283
0.17299999296665	-1.5949071383764
0.17315000295639	-1.5925191632648
0.17329999804497	-1.5925650961374
0.17344999313354	-1.5949032509925
0.17360000312328	-1.5992862846595
0.17374999821186	-1.6053743942108
0.17389999330044	-1.6127533944945
0.17405000329018	-1.6209562032412
0.17419999837875	-1.6294767250782
0.17434999346733	-1.6378077855951
0.17450000345707	-1.6454601136230
0.17464999854565	-1.6519880631915
0.17479999363422	-1.6570217724568
0.17495000362396	-1.6602748205903
0.17509999871254	-1.6615723195814
0.17524999380112	-1.6608548466929
0.17540000379086	-1.6581825939511
0.17554999887943	-1.6537331390660
0.17569999396801	-1.6477909464460
0.17585000395775	-1.6407272662051
0.17599999904633	-1.6329839085756
0.17614999413490	-1.6250491597741
0.17630000412464	-1.6174260555655
0.17644999921322	-1.6106104573986
0.17659999430180	-1.6050660765901
0.17675000429153	-1.6011957571731
0.17689999938011	-1.5993248057581
0.17704999446869	-1.5996903071832
0.17720000445843	-1.6024171377829
0.17734999954700	-1.6075245631098
0.17749999463558	-1.6149128124092
0.17765000462532	-1.6243773097003
0.17779999971390	-1.6356140292514
0.17794999480247	-1.6482271412689
0.17810000479221	-1.6617588988581
0.17824999988079	-1.6757000074245
0.17839999496937	-1.6895230952565
0.17855000495911	-1.7027092133021
0.17870000004768	-1.7147694131875
0.17884999513626	-1.7252777063575
0.17900000512600	-1.7338925189188
0.17915000021458	-1.7403744625357
0.17929999530315	-1.7446060206088
0.17945000529289	-1.7465921073480
0.17960000038147	-1.7464628885149
0.17974999547005	-1.7444691004935
0.17990000545979	-1.7409635285268
0.18005000054836	-1.7363865800278
0.18019999563694	-1.7312337460647
0.18035000562668	-1.7260381356847
0.18050000071526	-1.7213374784705
0.18064999580383	-1.7176449636438
0.18080000579357	-1.7154251434857
0.18095000088215	-1.7150701514459
0.18109999597073	-1.7168834186556
0.18125000596046	-1.7210569006075
0.18140000104904	-1.7276699720456
0.18154999613762	-1.7366816964052
0.18170000612736	-1.7479290592695
0.18185000121593	-1.7611376257018
0.18199999630451	-1.7759299669102
0.18215000629425	-1.7918472608343
0.18230000138283	-1.8083679281395
0.18244999647141	-1.8249308273252
0.18260000646114	-1.8409694439595
0.18275000154972	-1.8559367321411
0.18289999663830	-1.8693400484408
0.18305000662804	-1.8807608802073
0.18320000171661	-1.8898874049095
0.18334999680519	-1.8965291608438
0.18350000679493	-1.9006278079377
0.18365000188351	-1.9022672459264
0.18379999697208	-1.9016590783795
0.18395000696182	-1.8991435128410
0.18410000205040	-1.8951593991352
0.18424999713898	-1.8902282173190
0.18440000712872	-1.8849198001090
0.18455000221729	-1.8798277653462
0.18469999730587	-1.8755309714308
0.18485000729561	-1.8725701588642
0.18500000238419	-1.8714181313135
0.18514999747276	-1.8724565509062
0.18529999256134	-1.8759576190742
0.18545000255108	-1.8820709204087
0.18559999763966	-1.8908140166082
0.18574999272823	-1.9020722846715
0.18590000271797	-1.9156024713919
0.18604999780655	-1.9310394211725
0.18619999289513	-1.9479183154505
0.18635000288486	-1.9656890706873
0.18649999797344	-1.9837464847473
0.18664999306202	-2.0014598069774
0.18680000305176	-2.0182038564919
0.18694999814034	-2.0333947191063
0.18709999322891	-2.0465197821802
0.18725000321865	-2.0571716797834
0.18739999830723	-2.0650679742783
0.18754999339581	-2.0700725858375
0.18770000338554	-2.0722004525584
0.18784999847412	-2.0716240956281
0.18799999356270	-2.0686613750552
0.18815000355244	-2.0637550609392
0.18829999864101	-2.0574528980074
0.18844999372959	-2.0503756597395
0.18860000371933	-2.0431815063882
0.18874999880791	-2.0365371517683
0.18889999389648	-2.0310721609806
0.18905000388622	-2.0273615095566
0.18919999897480	-2.0258830669129
0.18934999406338	-2.0270071066413
0.18950000405312	-2.0309663854616
0.18964999914169	-2.0378521983265
0.18979999423027	-2.0476089421611
0.18995000422001	-2.0600269615677
0.19009999930859	-2.0747609891710
0.19024999439716	-2.0913326238305
0.19040000438690	-2.1091638229689
0.19054999947548	-2.1275925988686
0.19069999456406	-2.1459122462725
0.19085000455379	-2.1634035693858
0.19099999964237	-2.1793728745286
0.19114999473095	-2.1931934832297
0.19130000472069	-2.2043365512840
0.19144999980927	-2.2124157356265
0.19159999489784	-2.2171901010284
0.19175000488758	-2.2186030632264
0.19189999997616	-2.2167716968917
0.19204999506474	-2.2119893332598
0.19220000505447	-2.2047078654299
0.19235000014305	-2.1955087291055
0.19249999523163	-2.1850788278263
0.19265000522137	-2.1741599938519
0.19280000030994	-2.1635256635113
0.19294999539852	-2.1539261601726
0.19310000538826	-2.1460564017431
0.19325000047684	-2.1405255930869
0.19339999556541	-2.1378225334225
0.19355000555515	-2.1382891864761
0.19370000064373	-2.1421132999007
0.19384999573231	-2.1493135552430
0.19400000572205	-2.1597334076010
0.19415000081062	-2.1730494547750
0.19429999589920	-2.1887866558458
0.19445000588894	-2.2063321649123
0.19460000097752	-2.2249644861295
0.19474999606609	-2.2438874495498
0.19490000605583	-2.2622694290135
0.19505000114441	-2.2792857475672
0.19519999623299	-2.2941679309937
0.19535000622272	-2.3062396389202
0.19550000131130	-2.3149678084707
0.19564999639988	-2.3199855091515
0.19580000638962	-2.3211302504808
0.19595000147820	-2.3184392035770
0.19609999656677	-2.3121671329784
0.19625000655651	-2.3027565601968
0.19640000164509	-2.2908272899842
0.19654999673367	-2.2771275313438
0.19670000672340	-2.2625059911141
0.19685000181198	-2.2478497064012
0.19699999690056	-2.2340566551326
0.19715000689030	-2.2219700071040
0.19730000197887	-2.2123485932916
0.19744999706745	-2.2058283050778
0.19760000705719	-2.2028872083393
0.19775000214577	-2.2038300558891
0.19789999723434	-2.2087667685059
0.19805000722408	-2.2176076895177
0.19820000231266	-2.2300653749544
0.19834999740124	-2.2456601549843
0.19850000739098	-2.2637450713460
0.19865000247955	-2.2835232023647
0.19879999756813	-2.3040923252170
0.19894999265671	-2.3244822073545
0.19910000264645	-2.3436999458007
0.19924999773502	-2.3607932418714
0.19939999282360	-2.3748999662253
0.19955000281334	-2.3852917740719
0.19969999790192	-2.3914387346156
0.19984999299049	-2.3930276494870
0.20000000298023	-2.3899946108773
