#Parameters = {R=10001}
#"Frequency / GHz"	"S1,1 [Magnitude / dB]"
#-----------------------------------------
0.050000000745058	-6.9466898576032
0.050149999558926	-6.9960099715783
0.050299998372793	-7.0490656093866
0.050450000911951	-7.1069480540227
0.050599999725819	-7.1705488798086
0.050749998539686	-7.2405057422240
0.050900001078844	-7.3171680366436
0.051049999892712	-7.4005676068937
0.051199998706579	-7.4904073329921
0.051350001245737	-7.5860617462466
0.051500000059605	-7.6865928286227
0.051649998873472	-7.7907757814987
0.051800001412630	-7.8971510250229
0.051950000226498	-8.0040837998262
0.052099999040365	-8.1098493606811
0.052250001579523	-8.2127182984670
0.052400000393391	-8.3110726100199
0.052549999207258	-8.4034964720150
0.052700001746416	-8.4888805332479
0.052850000560284	-8.5665004959261
0.052999999374151	-8.6360657119381
0.053149998188019	-8.6977480313439
0.053300000727177	-8.7521556325587
0.053449999541044	-8.8002916913116
0.053599998354912	-8.8434731772761
0.053750000894070	-8.8832366933671
0.053899999707937	-8.9212352538612
0.054049998521805	-8.9591262447835
0.054200001060963	-8.9984797468429
0.054349999874830	-9.0406955037821
0.054499998688698	-9.0869324119255
0.054650001227856	-9.1380606276054
0.054800000041723	-9.1946316505010
0.054949998855591	-9.2568685751362
0.055100001394749	-9.3246589968970
0.055250000208616	-9.3975861313491
0.055399999022484	-9.4749585375497
0.055550001561642	-9.5558519804215
0.055700000375509	-9.6391851880942
0.055849999189377	-9.7237783576166
0.056000001728535	-9.8084446717598
0.056150000542402	-9.8920745883075
0.056299999356270	-9.9737148215188
0.056449998170137	-10.052652216957
0.056600000709295	-10.128465587913
0.056749999523163	-10.201074732538
0.056899998337030	-10.270748859949
0.057050000876188	-10.338100043778
0.057199999690056	-10.404041812769
0.057349998503923	-10.469736783944
0.057500001043081	-10.536518440627
0.057649999856949	-10.605808711299
0.057799998670816	-10.679039099235
0.057950001209974	-10.757560622815
0.058100000023842	-10.842573242119
0.058249998837709	-10.935060173993
0.058400001376867	-11.035729558795
0.058550000190735	-11.144980588829
0.058699999004602	-11.262866225663
0.058850001543760	-11.389079392877
0.059000000357628	-11.522948501315
0.059149999171495	-11.663451093335
0.059300001710653	-11.809237041472
0.059450000524521	-11.958680955841
0.059599999338388	-12.109943049197
0.059749998152256	-12.261060246626
0.059900000691414	-12.410047684280
0.060049999505281	-12.555013254051
0.060199998319149	-12.694285146254
0.060350000858307	-12.826518427022
0.060499999672174	-12.950800304383
0.060649998486042	-13.066710121885
0.060800001025200	-13.174347329134
0.060949999839067	-13.274316555620
0.061099998652935	-13.367670641600
0.061250001192093	-13.455815075933
0.061400000005960	-13.540393578396
0.061549998819828	-13.623163290400
0.061700001358986	-13.705864729369
0.061850000172853	-13.790109897198
0.061999998986721	-13.877279953537
0.062150001525879	-13.968458115931
0.062300000339746	-14.064366633760
0.062449999153614	-14.165347306339
0.062600001692772	-14.271354157141
0.062749996781349	-14.381972353069
0.062899999320507	-14.496461997404
0.063050001859665	-14.613817090056
0.063199996948242	-14.732856079546
0.063349999487400	-14.852319298196
0.063500002026558	-14.970978044978
0.063649997115135	-15.087755236225
0.063799999654293	-15.201841012543
0.063950002193451	-15.312785563375
0.064099997282028	-15.420574032257
0.064249999821186	-15.525665932350
0.064400002360344	-15.628995430829
0.064549997448921	-15.731940711727
0.064699999988079	-15.836253526737
0.064850002527237	-15.943967643141
0.064999997615814	-16.057296671918
0.065150000154972	-16.178522210849
0.065300002694130	-16.309878240184
0.065449997782707	-16.453462903344
0.065600000321865	-16.611142548348
0.065750002861023	-16.784476963169
0.065899997949600	-16.974649903956
0.066050000488758	-17.182417428723
0.066200003027916	-17.408051766847
0.066349998116493	-17.651300944125
0.066500000655651	-17.911345156900
0.066650003194809	-18.186773791737
0.066799998283386	-18.475571529337
0.066950000822544	-18.775131149769
0.067100003361702	-19.082300788399
0.067249998450279	-19.393484999775
0.067400000989437	-19.704795683177
0.067550003528595	-20.012274298882
0.067699998617172	-20.312164652315
0.067850001156330	-20.601223161270
0.068000003695488	-20.877023848307
0.068149998784065	-21.138211150409
0.068300001323223	-21.384665067674
0.068449996411800	-21.617517798190
0.068599998950958	-21.839051150212
0.068750001490116	-22.052456151404
0.068899996578693	-22.261514998749
0.069049999117851	-22.470241825559
0.069200001657009	-22.682523124722
0.069349996745586	-22.901806996253
0.069499999284744	-23.130827406997
0.069650001823902	-23.371385406239
0.069799996912479	-23.624194075013
0.069949999451637	-23.888756470846
0.070100001990795	-24.163319091511
0.070249997079372	-24.444881483609
0.070399999618530	-24.729312619832
0.070550002157688	-25.011587631995
0.070699997246265	-25.286191610153
0.070849999785423	-25.547667697132
0.071000002324581	-25.791290769348
0.071149997413158	-26.013781966860
0.071299999952316	-26.213911176056
0.071450002491474	-26.392883210551
0.071599997580051	-26.554379949097
0.071750000119209	-26.704295306595
0.071900002658367	-26.850184451089
0.072049997746944	-27.000600613805
0.072200000286102	-27.164421284893
0.072350002825260	-27.350243596152
0.072499997913837	-27.565898012732
0.072650000452995	-27.818025138828
0.072800002992153	-28.111644729968
0.072949998080730	-28.449608752972
0.073100000619888	-28.831803555566
0.073250003159046	-29.253915571233
0.073399998247623	-29.705649973449
0.073550000786781	-30.168406799493
0.073700003325939	-30.612920488503
0.073849998414516	-30.998337026835
0.074000000953674	-31.275379860236
0.074150003492832	-31.396215193880
0.074299998581409	-31.329663743469
0.074450001120567	-31.073830830345
0.074600003659725	-30.656765791445
0.074749998748302	-30.124629684638
0.074900001287460	-29.526322981492
0.075049996376038	-28.903028738202
0.075199998915195	-28.284560337970
0.075350001454353	-27.690103090667
0.075499996542931	-27.130601256388
0.075649999082088	-26.611199176218
0.075800001621246	-26.133193406346
0.075949996709824	-25.695404277741
0.076099999248981	-25.295120128955
0.076250001788139	-24.928721143544
0.076399996876717	-24.592103734326
0.076549999415874	-24.281002545539
0.076700001955032	-23.991226269887
0.076849997043610	-23.718852288350
0.076999999582767	-23.460398789872
0.077150002121925	-23.212949422007
0.077299997210503	-22.974254467567
0.077449999749660	-22.742778399949
0.077600002288818	-22.517698507688
0.077749997377396	-22.298859182351
0.077899999916553	-22.086674286741
0.078050002455711	-21.882009827754
0.078199997544289	-21.686023162212
0.078350000083447	-21.500026202533
0.078500002622604	-21.325328381269
0.078649997711182	-21.163107482018
0.078800000250340	-21.014294262840
0.078950002789497	-20.879479774576
0.079099997878075	-20.758843219072
0.079250000417233	-20.652095330334
0.079400002956390	-20.558448051406
0.079549998044968	-20.476605676845
0.079700000584126	-20.404759975937
0.079850003123283	-20.340639881246
0.079999998211861	-20.281561037282
0.080150000751019	-20.224536681416
0.080300003290176	-20.166403806154
0.080449998378754	-20.103994906987
0.080600000917912	-20.034326677908
0.080750003457069	-19.954805481213
0.080899998545647	-19.863414366702
0.081050001084805	-19.758861779003
0.081200003623962	-19.640673644653
0.081349998712540	-19.509210183316
0.081500001251698	-19.365604794304
0.081649996340275	-19.211638325116
0.081799998879433	-19.049566604445
0.081950001418591	-18.881921036319
0.082099996507168	-18.711318115762
0.082249999046326	-18.540290452514
0.082400001585484	-18.371136223287
0.082549996674061	-18.205830053820
0.082699999213219	-18.045947997734
0.082850001752377	-17.892642546422
0.082999996840954	-17.746635225977
0.083149999380112	-17.608241055445
0.083300001919270	-17.477404659542
0.083449997007847	-17.353752775432
0.083599999547005	-17.236656655253
0.083750002086163	-17.125303055591
0.083899997174740	-17.018770031101
0.084049999713898	-16.916106366381
0.084200002253056	-16.816407423595
0.084349997341633	-16.718880765486
0.084499999880791	-16.622910116521
0.084650002419949	-16.528102270756
0.084799997508526	-16.434309314091
0.084950000047684	-16.341637378687
0.085100002586842	-16.250440931079
0.085249997675419	-16.161286141455
0.085400000214577	-16.074910485809
0.085550002753735	-15.992169224353
0.085699997842312	-15.913966659160
0.085850000381470	-15.841201742807
0.086000002920628	-15.774702092952
0.086149998009205	-15.715166860449
0.086300000548363	-15.663122529765
0.086450003087521	-15.618881229865
0.086599998176098	-15.582505975222
0.086750000715256	-15.553794756012
0.086900003254414	-15.532273661637
0.087049998342991	-15.517191737720
0.087200000882149	-15.507542397106
0.087350003421307	-15.502089388552
0.087499998509884	-15.499405299600
0.087650001049042	-15.497932762271
0.087800003588200	-15.496049532649
0.087949998676777	-15.492144784230
0.088100001215935	-15.484704978525
0.088249996304512	-15.472397108443
0.088399998843670	-15.454146324054
0.088550001382828	-15.429191738243
0.088699996471405	-15.397135654414
0.088849999010563	-15.357951735509
0.089000001549721	-15.311977179317
0.089149996638298	-15.259870241496
0.089299999177456	-15.202555213631
0.089450001716614	-15.141143246271
0.089599996805191	-15.076855424739
0.089749999344349	-15.010935407001
0.089900001883507	-14.944580706582
0.090049996972084	-14.878872943586
0.090199999511242	-14.814729324739
0.090350002050400	-14.752868859058
0.090499997138977	-14.693791845867
0.090649999678135	-14.637776963869
0.090800002217293	-14.584890446266
0.090949997305870	-14.535005026463
0.091099999845028	-14.487833023130
0.091250002384186	-14.442967660843
0.091399997472763	-14.399925676035
0.091550000011921	-14.358196354073
0.091700002551079	-14.317289925090
0.091849997639656	-14.276785665804
0.092000000178814	-14.236367797007
0.092150002717972	-14.195861717107
0.092299997806549	-14.155245564331
0.092450000345707	-14.114669450437
0.092600002884865	-14.074440087465
0.092749997973442	-14.035013098522
0.092900000512600	-13.996959781886
0.093050003051758	-13.960933358035
0.093199998140335	-13.927628473818
0.093350000679493	-13.897741394043
0.093500003218651	-13.871922526251
0.093649998307228	-13.850740250652
0.093800000846386	-13.834645267761
0.093950003385544	-13.823939909011
0.094099998474121	-13.818754551296
0.094250001013279	-13.819039201876
0.094400003552437	-13.824546263729
0.094549998641014	-13.834842594644
0.094700001180172	-13.849315650942
0.094850003719330	-13.867193828906
0.094999998807907	-13.887573857122
0.095150001347065	-13.909459518410
0.095299996435642	-13.931806871713
0.095449998974800	-13.953565870530
0.095600001513958	-13.973740414960
0.095749996602535	-13.991432376952
0.095899999141693	-14.005891529240
0.096050001680851	-14.016551347889
0.096199996769428	-14.023057085644
0.096349999308586	-14.025275961819
0.096500001847744	-14.023294798281
0.096649996936321	-14.017403678647
0.096799999475479	-14.008062513583
0.096950002014637	-13.995863067570
0.097099997103214	-13.981474337359
0.097249999642372	-13.965599849489
0.097400002181530	-13.948922299892
0.097549997270107	-13.932058240590
0.097699999809265	-13.915529803129
0.097850002348423	-13.899720881662
0.097999997437000	-13.884875857460
0.098149999976158	-13.871077559343
0.098300002515316	-13.858262013755
0.098449997603893	-13.846225312277
0.098600000143051	-13.834645629008
0.098750002682209	-13.823125772423
0.098899997770786	-13.811209343108
0.099050000309944	-13.798442907434
0.099200002849102	-13.784400535647
0.099349997937679	-13.768734195409
0.099500000476837	-13.751200620269
0.099650003015995	-13.731696337156
0.099799998104572	-13.710266349780
0.099950000643730	-13.687120692573
0.10010000318289	-13.662624501794
0.10024999827147	-13.637281532016
0.10040000081062	-13.611713252439
0.10055000334978	-13.586622437200
0.10069999843836	-13.562759388046
0.10085000097752	-13.540878192645
0.10100000351667	-13.521704439722
0.10114999860525	-13.505890008872
0.10130000114441	-13.493985116319
0.10145000368357	-13.486411749943
0.10159999877214	-13.483437647639
0.10175000131130	-13.485168017745
0.10189999639988	-13.491533329071
0.10204999893904	-13.502291108716
0.10220000147820	-13.517034196164
0.10234999656677	-13.535204913142
0.10249999910593	-13.556116883263
0.10265000164509	-13.578982762282
0.10279999673367	-13.602950929043
0.10294999927282	-13.627140931646
0.10310000181198	-13.650688803584
0.10324999690056	-13.672786377037
0.10339999943972	-13.692722984894
0.10355000197887	-13.709917443325
0.10369999706745	-13.723946913112
0.10384999960661	-13.734563444490
0.10400000214577	-13.741700794162
0.10414999723434	-13.745461416430
0.10429999977350	-13.746108549000
0.10445000231266	-13.744026612864
0.10459999740124	-13.739694897034
0.10474999994040	-13.733642278818
0.10490000247955	-13.726405173555
0.10504999756813	-13.718491457138
0.10520000010729	-13.710335600821
0.10535000264645	-13.702277589287
0.10549999773502	-13.694531694466
0.10565000027418	-13.687175701151
0.10580000281334	-13.680144197631
0.10594999790192	-13.673235924653
0.10610000044107	-13.666119660913
0.10625000298023	-13.658363730231
0.10639999806881	-13.649459744238
0.10655000060797	-13.638859665643
0.10670000314713	-13.626013704097
0.10684999823570	-13.610412816456
0.10700000077486	-13.591623515087
0.10715000331402	-13.569324711471
0.10729999840260	-13.543335741280
0.10745000094175	-13.513636868876
0.10760000348091	-13.480372328458
0.10774999856949	-13.443853346875
0.10790000110865	-13.404536503599
0.10805000364780	-13.363011995235
0.10819999873638	-13.319955081458
0.10835000127554	-13.276105321945
0.10849999636412	-13.232219223157
0.10864999890327	-13.189032608605
0.10880000144243	-13.147225622233
0.10894999653101	-13.107390532126
0.10909999907017	-13.070003511670
0.10925000160933	-13.035405610418
0.10939999669790	-13.003789436712
0.10954999923706	-12.975194337974
0.10970000177622	-12.949502497658
0.10984999686480	-12.926455321378
0.10999999940395	-12.905665753361
0.11015000194311	-12.886633466084
0.11029999703169	-12.868783324918
0.11044999957085	-12.851489402407
0.11060000211000	-12.834108575889
0.11074999719858	-12.816020733850
0.11089999973774	-12.796662272257
0.11105000227690	-12.775557046773
0.11119999736547	-12.752338267568
0.11134999990463	-12.726780579288
0.11150000244379	-12.698796341574
0.11164999753237	-12.668442707478
0.11180000007153	-12.635915922743
0.11195000261068	-12.601523486877
0.11209999769926	-12.565665262287
0.11225000023842	-12.528799322689
0.11240000277758	-12.491411204901
0.11254999786615	-12.453969628362
0.11270000040531	-12.416900205796
0.11285000294447	-12.380546017018
0.11299999803305	-12.345152144939
0.11315000057220	-12.310834190463
0.11330000311136	-12.277576975784
0.11344999819994	-12.245220972453
0.11360000073910	-12.213473453716
0.11375000327826	-12.181918027809
0.11389999836683	-12.150038265709
0.11405000090599	-12.117244425517
0.11420000344515	-12.082904661096
0.11434999853373	-12.046391194752
0.11450000107288	-12.007116091749
0.11465000361204	-11.964571535023
0.11479999870062	-11.918370546265
0.11495000123978	-11.868271977817
0.11509999632835	-11.814201783418
0.11524999886751	-11.756266508527
0.11540000140667	-11.694750095923
0.11554999649525	-11.630100453242
0.11569999903440	-11.562902322642
0.11585000157356	-11.493849815884
0.11599999666214	-11.423707239429
0.11614999920130	-11.353265605951
0.11630000174046	-11.283303194180
0.11644999682903	-11.214545635839
0.11659999936819	-11.147634460132
0.11675000190735	-11.083094658312
0.11689999699593	-11.021313480826
0.11704999953508	-10.962529218347
0.11720000207424	-10.906822085122
0.11734999716282	-10.854113802784
0.11749999970198	-10.804187305764
0.11765000224113	-10.756686312871
0.11779999732971	-10.711151247222
0.11794999986887	-10.667046113598
0.11810000240803	-10.623785579976
0.11824999749660	-10.580780149021
0.11840000003576	-10.537464520690
0.11855000257492	-10.493337881141
0.11869999766350	-10.447997191419
0.11885000020266	-10.401157825781
0.11900000274181	-10.352678934205
0.11914999783039	-10.302566253980
0.11930000036955	-10.250974452591
0.11945000290871	-10.198193141053
0.11959999799728	-10.144627041289
0.11975000053644	-10.090769269673
0.11990000307560	-10.037162403299
0.12004999816418	-9.9843723650304
0.12020000070333	-9.9329415420333
0.12035000324249	-9.8833552882825
0.12049999833107	-9.8360190555252
0.12065000087023	-9.7912156281634
0.12080000340939	-9.7491018571028
0.12094999849796	-9.7096841351394
0.12110000103712	-9.6728224859983
0.12125000357628	-9.6382244229500
0.12139999866486	-9.6054664151485
0.12155000120401	-9.5740045111000
0.12169999629259	-9.5432147084100
0.12184999883175	-9.5124105599382
0.12200000137091	-9.4808930726086
0.12214999645948	-9.4479882763029
0.12229999899864	-9.4130913446911
0.12245000153780	-9.3757003688979
0.12259999662638	-9.3354536039687
0.12274999916553	-9.2921482623818
0.12290000170469	-9.2457670762776
0.12304999679327	-9.1964622146326
0.12319999933243	-9.1445649204262
0.12335000187159	-9.0905460059408
0.12349999696016	-9.0350028928082
0.12364999949932	-8.9786057516147
0.12380000203848	-8.9220718399426
0.12394999712706	-8.8661123558870
0.12409999966621	-8.8113938812377
0.12425000220537	-8.7585063708906
0.12439999729395	-8.7079296487688
0.12454999983311	-8.6600100122106
0.12470000237226	-8.6149438734222
0.12484999746084	-8.5727733597309
0.12500000000000	-8.5333877699840
0.12514999508858	-8.4965328885774
0.12530000507832	-8.4618330915865
0.12545000016689	-8.4288062760501
0.12559999525547	-8.3969121649561
0.12575000524521	-8.3655738350952
0.12590000033379	-8.3342260496760
0.12604999542236	-8.3023491242559
0.12620000541210	-8.2695095389826
0.12635000050068	-8.2353880876263
0.12649999558926	-8.1998075872213
0.12665000557899	-8.1627443916843
0.12680000066757	-8.1243368185593
0.12694999575615	-8.0848680354870
0.12710000574589	-8.0447606729497
0.12725000083447	-8.0045419720316
0.12739999592304	-7.9648102095239
0.12755000591278	-7.9261963496741
0.12770000100136	-7.8893273877352
0.12784999608994	-7.8547795666299
0.12800000607967	-7.8230454760105
0.12815000116825	-7.7945046136170
0.12829999625683	-7.7693926310022
0.12845000624657	-7.7477856663573
0.12860000133514	-7.7295945957598
0.12874999642372	-7.7145593236013
0.12890000641346	-7.7022616467996
0.12905000150204	-7.6921410018711
0.12919999659061	-7.6835259627111
0.12935000658035	-7.6756642494297
0.12950000166893	-7.6677700177082
0.12964999675751	-7.6590649814669
0.12980000674725	-7.6488351289756
0.12995000183582	-7.6364715892347
0.13009999692440	-7.6215106100894
0.13025000691414	-7.6036738999501
0.13040000200272	-7.5828841328669
0.13054999709129	-7.5592733280039
0.13070000708103	-7.5331793160876
0.13085000216961	-7.5051184922946
0.13099999725819	-7.4757559547174
0.13115000724792	-7.4458605977307
0.13130000233650	-7.4162560462728
0.13144999742508	-7.3877695756356
0.13160000741482	-7.3611818270390
0.13175000250340	-7.3371753124219
0.13189999759197	-7.3163056017439
0.13204999268055	-7.2989555257604
0.13220000267029	-7.2853228035335
0.13234999775887	-7.2754094791623
0.13249999284744	-7.2690133002192
0.13265000283718	-7.2657470628507
0.13279999792576	-7.2650547392896
0.13294999301434	-7.2662501039155
0.13310000300407	-7.2685526580564
0.13324999809265	-7.2711475218428
0.13339999318123	-7.2732328124897
0.13355000317097	-7.2740827459297
0.13369999825954	-7.2731050278579
0.13384999334812	-7.2698898067611
0.13400000333786	-7.2642406934905
0.13414999842644	-7.2562139120909
0.13429999351501	-7.2461102127212
0.13445000350475	-7.2344733704853
0.13459999859333	-7.2220573966415
0.13474999368191	-7.2097838185668
0.13490000367165	-7.1986884631735
0.13504999876022	-7.1898617517185
0.13519999384880	-7.1843838926218
0.13535000383854	-7.1832610303909
0.13549999892712	-7.1873726064919
0.13564999401569	-7.1974199550632
0.13580000400543	-7.2138829463483
0.13594999909401	-7.2369934078240
0.13609999418259	-7.2667147024665
0.13625000417233	-7.3027322149528
0.13639999926090	-7.3444668735576
0.13654999434948	-7.3910909132714
0.13670000433922	-7.4415701571426
0.13684999942780	-7.4947127388043
0.13699999451637	-7.5492435250876
0.13715000450611	-7.6038763478519
0.13729999959469	-7.6574167054333
0.13744999468327	-7.7088437678165
0.13760000467300	-7.7574073564416
0.13774999976158	-7.8027037319915
0.13789999485016	-7.8447245804524
0.13805000483990	-7.8838910395750
0.13819999992847	-7.9210469302755
0.13834999501705	-7.9574283950548
0.13850000500679	-7.9946023832216
0.13865000009537	-8.0343800737230
0.13879999518394	-8.0787282744079
0.13895000517368	-8.1296729768116
0.13910000026226	-8.1891924858510
0.13924999535084	-8.2591350864352
0.13940000534058	-8.3411410976813
0.13955000042915	-8.4365705854041
0.13969999551773	-8.5464558178350
0.13985000550747	-8.6714615013839
0.14000000059605	-8.8118567620780
0.14014999568462	-8.9675168656495
0.14030000567436	-9.1379320993385
0.14045000076294	-9.3222466769288
0.14059999585152	-9.5193388438333
0.14075000584126	-9.7279198357713
0.14090000092983	-9.9466989477727
0.14104999601841	-10.174574188508
0.14120000600815	-10.410875842740
0.14135000109673	-10.655632252422
0.14149999618530	-10.909864550778
0.14165000617504	-11.175866464429
0.14180000126362	-11.457471397895
0.14194999635220	-11.760308583976
0.14210000634193	-12.092044071007
0.14225000143051	-12.462680074393
0.14239999651909	-12.884952657428
0.14255000650883	-13.374998475235
0.14270000159740	-13.953477588000
0.14284999668598	-14.647518081928
0.14300000667572	-15.494219191685
0.14315000176430	-16.547202796723
0.14329999685287	-17.889839225800
0.14345000684261	-19.665102975981
0.14360000193119	-22.155376181431
0.14374999701977	-26.064971157579
0.14390000700951	-34.340673878052
0.14405000209808	-36.786392105038
0.14419999718666	-26.087979568992
0.14435000717640	-21.197200831027
0.14450000226498	-17.945336016242
0.14464999735355	-15.488706215258
0.14480000734329	-13.508811966604
0.14495000243187	-11.850712134748
0.14509999752045	-10.427278155617
0.14524999260902	-9.1846181756056
0.14540000259876	-8.0870544496940
0.14554999768734	-7.1097228754156
0.14569999277592	-6.2345827790523
0.14585000276566	-5.4481052054816
0.14599999785423	-4.7398658387238
0.14614999294281	-4.1016431823521
0.14630000293255	-3.5268064627959
0.14644999802113	-3.0099158248412
0.14659999310970	-2.5464220178431
0.14675000309944	-2.1324527440805
0.14689999818802	-1.7646553971378
0.14704999327660	-1.4400753935043
0.14720000326633	-1.1560556587868
0.14734999835491	-0.91016570450772
0.14749999344349	-0.70012866573234
0.14765000343323	-0.52377437181188
0.14779999852180	-0.37898598377489
0.14794999361038	-0.26366718842241
0.14810000360012	-0.17569784538478
0.14824999868870	-0.11290947453264
0.14839999377728	-0.073060341511403
0.14855000376701	-0.053815997313287
0.14869999885559	-0.052743372968348
0.14884999394417	-0.067311478117670
0.14900000393391	-0.094903824364051
0.14914999902248	-0.13284821678350
0.14929999411106	-0.17845995039341
0.14945000410080	-0.22909767093449
0.14959999918938	-0.28223586494690
0.14974999427795	-0.33554386030377
0.14990000426769	-0.38697004393794
0.15004999935627	-0.43481672602434
0.15019999444485	-0.47780541366234
0.15035000443459	-0.51511865512802
0.15049999952316	-0.54641366219553
0.15064999461174	-0.57180754951676
0.15080000460148	-0.59182769835340
0.15094999969006	-0.60734490106630
0.15109999477863	-0.61947901348293
0.15125000476837	-0.62950663453268
0.15139999985695	-0.63875883910241
0.15154999494553	-0.64852223757909
0.15170000493526	-0.65996870304640
0.15185000002384	-0.67407897216027
0.15199999511242	-0.69160125036659
0.15215000510216	-0.71300851594186
0.15230000019073	-0.73849230581487
0.15244999527931	-0.76795440089168
0.15260000526905	-0.80102517641274
0.15275000035763	-0.83708627240009
0.15289999544621	-0.87531655983981
0.15305000543594	-0.91473628106917
0.15320000052452	-0.95426989437601
0.15334999561310	-0.99281474179278
0.15350000560284	-1.0293079871440
0.15365000069141	-1.0627985464562
0.15379999577999	-1.0925064571799
0.15395000576973	-1.1178776486114
0.15410000085831	-1.1386134207449
0.15424999594688	-1.1546976136139
0.15440000593662	-1.1663824574464
0.15455000102520	-1.1741704472962
0.15469999611378	-1.1787687585641
0.15485000610352	-1.1810402976052
0.15500000119209	-1.1819383786016
0.15514999628067	-1.1824412695303
0.15530000627041	-1.1834921438067
0.15545000135899	-1.1859367018303
0.15559999644756	-1.1904842210187
0.15575000643730	-1.1976592130347
0.15590000152588	-1.2077870674395
0.15604999661446	-1.2209745434816
0.15620000660419	-1.2371110884826
0.15635000169277	-1.2558809611753
0.15649999678135	-1.2767864095473
0.15665000677109	-1.2991767337389
0.15680000185966	-1.3222944073687
0.15694999694824	-1.3453215119701
0.15710000693798	-1.3674361876442
0.15725000202656	-1.3878596122817
0.15739999711514	-1.4059142811227
0.15755000710487	-1.4210706352532
0.15770000219345	-1.4329786627426
0.15784999728203	-1.4414938090668
0.15800000727177	-1.4466866944922
0.15815000236034	-1.4488322399833
0.15829999744892	-1.4483911125674
0.15845000743866	-1.4459725603950
0.15860000252724	-1.4422942297604
0.15874999761581	-1.4381254751384
0.15889999270439	-1.4342474976991
0.15905000269413	-1.4313899796923
0.15919999778271	-1.4301996784876
0.15934999287128	-1.4311966335555
0.15950000286102	-1.4347411957223
0.15964999794960	-1.4410267556887
0.15979999303818	-1.4500609926272
0.15995000302792	-1.4616723808369
0.16009999811649	-1.4755208377396
0.16024999320507	-1.4911214482216
0.16040000319481	-1.5078692622888
0.16054999828339	-1.5250867918245
0.16069999337196	-1.5420540269787
0.16085000336170	-1.5580635073774
0.16099999845028	-1.5724629742449
0.16114999353886	-1.5847006166410
0.16130000352859	-1.5943606276026
0.16144999861717	-1.6011895064807
0.16159999370575	-1.6051149432392
0.16175000369549	-1.6062466919918
0.16189999878407	-1.6048696038647
0.16204999387264	-1.6014190986399
0.16220000386238	-1.5964517642422
0.16234999895096	-1.5905997638862
0.16249999403954	-1.5845376723088
0.16265000402927	-1.5789282030519
0.16279999911785	-1.5743835603691
0.16294999420643	-1.5714339653434
0.16310000419617	-1.5704834149225
0.16324999928474	-1.5717996024410
0.16339999437332	-1.5754953966277
0.16355000436306	-1.5815190854175
0.16369999945164	-1.5896686995320
0.16384999454021	-1.5995988102227
0.16400000452995	-1.6108437747074
0.16414999961853	-1.6228500343779
0.16429999470711	-1.6350113569423
0.16445000469685	-1.6467049812314
0.16459999978542	-1.6573344100673
0.16474999487400	-1.6663747999236
0.16490000486374	-1.6734014246012
0.16504999995232	-1.6781213508962
0.16519999504089	-1.6803998662864
0.16535000503063	-1.6802598603400
0.16550000011921	-1.6778876627773
0.16564999520779	-1.6736170841597
0.16580000519753	-1.6679036874396
0.16595000028610	-1.6612952818640
0.16609999537468	-1.6543934540491
0.16625000536442	-1.6478173776865
0.16640000045300	-1.6421558354582
0.16654999554157	-1.6379398247857
0.16670000553131	-1.6356001771422
0.16685000061989	-1.6354520444244
0.16699999570847	-1.6376710043038
0.16715000569820	-1.6422808958054
0.16730000078678	-1.6491595299549
0.16744999587536	-1.6580375430599
0.16760000586510	-1.6685258691164
0.16775000095367	-1.6801267843084
0.16789999604225	-1.6922719364875
0.16805000603199	-1.7043549064664
0.16820000112057	-1.7157705215159
0.16834999620914	-1.7259537672834
0.16850000619888	-1.7344170589977
0.16865000128746	-1.7407829289540
0.16879999637604	-1.7448088335585
0.16895000636578	-1.7464053466173
0.16910000145435	-1.7456391296171
0.16924999654293	-1.7427288070735
0.16940000653267	-1.7380336399891
0.16955000162125	-1.7320176339049
0.16969999670982	-1.7252246236748
0.16985000669956	-1.7182422026158
0.17000000178814	-1.7116575459799
0.17014999687672	-1.7060250812798
0.17030000686646	-1.7018297445587
0.17045000195503	-1.6994549502940
0.17059999704361	-1.6991686376876
0.17075000703335	-1.7010938926592
0.17090000212193	-1.7052180095747
0.17104999721050	-1.7113831982780
0.17120000720024	-1.7193021925474
0.17135000228882	-1.7285698610157
0.17149999737740	-1.7386990648585
0.17165000736713	-1.7491396965405
0.17180000245571	-1.7593248744660
0.17194999754429	-1.7687002382626
0.17209999263287	-1.7767642728758
0.17225000262260	-1.7831017217416
0.17239999771118	-1.7874157782825
0.17254999279976	-1.7895488130104
0.17270000278950	-1.7894850238102
0.17284999787807	-1.7873661445660
0.17299999296665	-1.7834714745638
0.17315000295639	-1.7782033441530
0.17329999804497	-1.7720558801418
0.17344999313354	-1.7655869037361
0.17360000312328	-1.7593753807837
0.17374999821186	-1.7539876112354
0.17389999330044	-1.7499392915016
0.17405000329018	-1.7476673871887
0.17419999837875	-1.7474947953285
0.17434999346733	-1.7496202757487
0.17450000345707	-1.7541015928048
0.17464999854565	-1.7608510866486
0.17479999363422	-1.7696401476009
0.17495000362396	-1.7801139771213
0.17509999871254	-1.7918133573976
0.17524999380112	-1.8041940010285
0.17540000379086	-1.8166712618666
0.17554999887943	-1.8286467553051
0.17569999396801	-1.8395533434391
0.17585000395775	-1.8488895717776
0.17599999904633	-1.8562536257414
0.17614999413490	-1.8613722568178
0.17630000412464	-1.8641200379071
0.17644999921322	-1.8645267527257
0.17659999430180	-1.8627777931039
0.17675000429153	-1.8591994122566
0.17689999938011	-1.8542374280824
0.17704999446869	-1.8484244257710
0.17720000445843	-1.8423476867601
0.17734999954700	-1.8366099201620
0.17749999463558	-1.8317874157524
0.17765000462532	-1.8283966307996
0.17779999971390	-1.8268618699570
0.17794999480247	-1.8274908445279
0.17810000479221	-1.8304526366344
0.17824999988079	-1.8357703614796
0.17839999496937	-1.8433220973858
0.17855000495911	-1.8528432094417
0.17870000004768	-1.8639407055517
0.17884999513626	-1.8761242364886
0.17900000512600	-1.8888264627924
0.17915000021458	-1.9014464081630
0.17929999530315	-1.9133816757940
0.17945000529289	-1.9240750699854
0.17960000038147	-1.9330449037061
0.17974999547005	-1.9399243828217
0.17990000545979	-1.9444879620705
0.18005000054836	-1.9466624556976
0.18019999563694	-1.9465397181371
0.18035000562668	-1.9443670910519
0.18050000071526	-1.9405340343421
0.18064999580383	-1.9355415366122
0.18080000579357	-1.9299730581297
0.18095000088215	-1.9244538579609
0.18109999597073	-1.9196084246116
0.18125000596046	-1.9160272501308
0.18140000104904	-1.9142203399509
0.18154999613762	-1.9145928166333
0.18170000612736	-1.9174192838630
0.18185000121593	-1.9228248308217
0.18199999630451	-1.9307754408833
0.18215000629425	-1.9410797573005
0.18230000138283	-1.9534022483448
0.18244999647141	-1.9672756360065
0.18260000646114	-1.9821293177384
0.18275000154972	-1.9973254326253
0.18289999663830	-2.0121941978888
0.18305000662804	-2.0260776692190
0.18320000171661	-2.0383768482636
0.18334999680519	-2.0485825370753
0.18350000679493	-2.0563227924688
0.18365000188351	-2.0613793113390
0.18379999697208	-2.0637086219613
0.18395000696182	-2.0634466457335
0.18410000205040	-2.0608992954491
0.18424999713898	-2.0565191437292
0.18440000712872	-2.0508787091474
0.18455000221729	-2.0446287401674
0.18469999730587	-2.0384596390862
0.18485000729561	-2.0330539927711
0.18500000238419	-2.0290410793269
0.18514999747276	-2.0269639365027
0.18529999256134	-2.0272429955313
0.18545000255108	-2.0301510772595
0.18559999763966	-2.0357973562344
0.18574999272823	-2.0441181627521
0.18590000271797	-2.0548836582918
0.18604999780655	-2.0677053168842
0.18619999289513	-2.0820611166999
0.18635000288486	-2.0973221183190
0.18649999797344	-2.1127948173355
0.18664999306202	-2.1277590755760
0.18680000305176	-2.1415196213888
0.18694999814034	-2.1534489996116
0.18709999322891	-2.1630317048208
0.18725000321865	-2.1699014409544
0.18739999830723	-2.1738706003435
0.18754999339581	-2.1749406939657
0.18770000338554	-2.1733053480301
0.18784999847412	-2.1693397945059
0.18799999356270	-2.1635754987639
0.18815000355244	-2.1566583696687
0.18829999864101	-2.1493142204000
0.18844999372959	-2.1422944353929
0.18860000371933	-2.1363303520002
0.18874999880791	-2.1320902271020
0.18889999389648	-2.1301283614179
0.18905000388622	-2.1308613513804
0.18919999897480	-2.1345399494055
0.18934999406338	-2.1412274257635
0.18950000405312	-2.1508005618541
0.18964999914169	-2.1629542470351
0.18979999423027	-2.1772123631651
0.18995000422001	-2.1929563149622
0.19009999930859	-2.2094605475864
0.19024999439716	-2.2259364794725
0.19040000438690	-2.2415766089069
0.19054999947548	-2.2556128695907
0.19069999456406	-2.2673692818663
0.19085000455379	-2.2763014319655
0.19099999964237	-2.2820439301104
0.19114999473095	-2.2844370374503
0.19130000472069	-2.2835370926678
0.19144999980927	-2.2796183987664
0.19159999489784	-2.2731482064995
0.19175000488758	-2.2647670633460
0.19189999997616	-2.2552350943254
0.19204999506474	-2.2453785547948
0.19220000505447	-2.2360481388808
0.19235000014305	-2.2280596481201
0.19249999523163	-2.2221372343369
0.19265000522137	-2.2188720056187
0.19280000030994	-2.2186930139773
0.19294999539852	-2.2218336753633
0.19310000538826	-2.2283208637386
0.19325000047684	-2.2379663957703
0.19339999556541	-2.2503797585502
0.19355000555515	-2.2649878445463
0.19370000064373	-2.2810638764261
0.19384999573231	-2.2977685167563
0.19400000572205	-2.3142025076971
0.19415000081062	-2.3294631253121
0.19429999589920	-2.3427030666580
0.19445000588894	-2.3531913630337
0.19460000097752	-2.3603606181169
0.19474999606609	-2.3638565302507
0.19490000605583	-2.3635650458085
0.19505000114441	-2.3596224998943
0.19519999623299	-2.3524018868038
0.19535000622272	-2.3425043952705
0.19550000131130	-2.3307009841763
0.19564999639988	-2.3178873946392
0.19580000638962	-2.3050254617204
0.19595000147820	-2.2930819920880
0.19609999656677	-2.2829600869987
0.19625000655651	-2.2754501257298
0.19640000164509	-2.2711822941106
0.19654999673367	-2.2705833019023
0.19670000672340	-2.2738574325319
0.19685000181198	-2.2809623678579
0.19699999690056	-2.2916213286826
0.19715000689030	-2.3053236932794
0.19730000197887	-2.3213535089935
0.19744999706745	-2.3388323914695
0.19760000705719	-2.3567614330199
0.19775000214577	-2.3740879947201
0.19789999723434	-2.3897682606130
0.19805000722408	-2.4028377977915
0.19820000231266	-2.4124870900818
0.19834999740124	-2.4181108525290
0.19850000739098	-2.4193611382877
0.19865000247955	-2.4161771505006
0.19879999756813	-2.4087927793139
0.19894999265671	-2.3977210628335
0.19910000264645	-2.3837176772433
0.19924999773502	-2.3677317057097
0.19939999282360	-2.3508441545785
0.19955000281334	-2.3341808738321
0.19969999790192	-2.3188587402197
0.19984999299049	-2.3059035414751
0.20000000298023	-2.2961905852542
