#Parameters = {ApertureA=7300; ApertureB=6000; Horn_Height=7300; ProbeHeight=1333; ProbeL=2000; ProbeR=23.5; ProbeRin=69.2; ProbeRout=72; R=10000; Thickness=3; WGH=3200; WGL=3000; WGW=2000}
#"Frequency / GHz"	"S1,1 [Magnitude / dB]"
#-----------------------------------------
0.050000000745058	-3.1647523901386
0.050050001591444	-3.2077797911115
0.050099998712540	-3.2513315092422
0.050149999558926	-3.2953960082576
0.050200000405312	-3.3399689291627
0.050250001251698	-3.3850430603138
0.050299998372793	-3.4306187576684
0.050349999219179	-3.4766946949374
0.050400000065565	-3.5232688697987
0.050450000911951	-3.5703486559941
0.050500001758337	-3.6179401854884
0.050549998879433	-3.6660499863031
0.050599999725819	-3.7146897774974
0.050650000572205	-3.7638739634534
0.050700001418591	-3.8136153900858
0.050749998539686	-3.8639336412903
0.050799999386072	-3.9148484796331
0.050850000232458	-3.9663789804990
0.050900001078844	-4.0185507444744
0.050949998199940	-4.0713885049940
0.050999999046326	-4.1249188405061
0.051049999892712	-4.1791671311623
0.051100000739098	-4.2341632715812
0.051150001585484	-4.2899372495758
0.051199998706579	-4.3465145706279
0.051249999552965	-4.4039297119294
0.051300000399351	-4.4622072739734
0.051350001245737	-4.5213791010503
0.051399998366833	-4.5814749326611
0.051449999213219	-4.6425187385839
0.051500000059605	-4.7045384837433
0.051550000905991	-4.7675602355104
0.051600001752377	-4.8316057803622
0.051649998873472	-4.8966961122159
0.051699999719858	-4.9628543077850
0.051750000566244	-5.0300921350187
0.051800001412630	-5.0984299696264
0.051849998533726	-5.1678749908495
0.051899999380112	-5.2384413057511
0.051950000226498	-5.3101330871627
0.052000001072884	-5.3829521152100
0.052049998193979	-5.4569034203672
0.052099999040365	-5.5319816299248
0.052149999886751	-5.6081814587263
0.052200000733137	-5.6854927174081
0.052250001579523	-5.7639098836104
0.052299998700619	-5.8434089844615
0.052349999547005	-5.9239804516049
0.052400000393391	-6.0055963815022
0.052450001239777	-6.0882381078245
0.052499998360872	-6.1718756355723
0.052549999207258	-6.2564814805611
0.052600000053644	-6.3420236907741
0.052650000900030	-6.4284671010431
0.052700001746416	-6.5157777097414
0.052749998867512	-6.6039141915180
0.052799999713898	-6.6928403314285
0.052850000560284	-6.7825111546354
0.052900001406670	-6.8728859139709
0.052949998527765	-6.9639205893614
0.052999999374151	-7.0555687168622
0.053050000220537	-7.1477889480395
0.053100001066923	-7.2405302450041
0.053149998188019	-7.3337514589989
0.053199999034405	-7.4274045142551
0.053249999880791	-7.5214447452205
0.053300000727177	-7.6158236185646
0.053350001573563	-7.7104992278291
0.053399998694658	-7.8054283443090
0.053449999541044	-7.9005635049636
0.053500000387430	-7.9958632524196
0.053550001233816	-8.0912868273932
0.053599998354912	-8.1867894389270
0.053649999201298	-8.2823357973702
0.053700000047684	-8.3778817379045
0.053750000894070	-8.4733887267246
0.053800001740456	-8.5688177382092
0.053849998861551	-8.6641310596301
0.053899999707937	-8.7592889712511
0.053950000554323	-8.8542534380425
0.054000001400709	-8.9489817454829
0.054049998521805	-9.0434360968570
0.054099999368191	-9.1375731706860
0.054150000214577	-9.2313522360614
0.054200001060963	-9.3247261236442
0.054249998182058	-9.4176479756735
0.054299999028444	-9.5100702976535
0.054349999874830	-9.6019364627830
0.054400000721216	-9.6931951973416
0.054450001567602	-9.7837858947081
0.054499998688698	-9.8736441104597
0.054549999535084	-9.9627065171089
0.054600000381470	-10.050900136921
0.054650001227856	-10.138150922240
0.054699998348951	-10.224380023712
0.054749999195337	-10.309504068836
0.054800000041723	-10.393436832209
0.054850000888109	-10.476086665460
0.054900001734495	-10.557360200989
0.054949998855591	-10.637158761408
0.054999999701977	-10.715383966198
0.055050000548363	-10.791932816635
0.055100001394749	-10.866700562973
0.055149998515844	-10.939585425096
0.055199999362230	-11.010481622290
0.055250000208616	-11.079287838939
0.055300001055002	-11.145901833496
0.055349998176098	-11.210226755412
0.055399999022484	-11.272169020219
0.055449999868870	-11.331638611182
0.055500000715256	-11.388555576899
0.055550001561642	-11.442842473146
0.055599998682737	-11.494435510801
0.055649999529123	-11.543272905233
0.055700000375509	-11.589309737993
0.055750001221895	-11.632505704573
0.055799998342991	-11.672837629257
0.055849999189377	-11.710290059849
0.055900000035763	-11.744859461331
0.055950000882149	-11.776556446421
0.056000001728535	-11.805402760914
0.056049998849630	-11.831430462711
0.056099999696016	-11.854687540937
0.056150000542402	-11.875227468402
0.056200001388788	-11.893118302294
0.056249998509884	-11.908437845556
0.056299999356270	-11.921270482441
0.056350000202656	-11.931709287367
0.056400001049042	-11.939856223134
0.056449998170137	-11.945816913902
0.056499999016523	-11.949703115300
0.056549999862909	-11.951630614002
0.056600000709295	-11.951715057088
0.056650001555681	-11.950077066986
0.056699998676777	-11.946838032043
0.056749999523163	-11.942114519680
0.056800000369549	-11.936025397853
0.056850001215935	-11.928687548205
0.056899998337030	-11.920213311413
0.056949999183416	-11.910711044336
0.057000000029802	-11.900289687265
0.057050000876188	-11.889046681155
0.057100001722574	-11.877078446064
0.057149998843670	-11.864474151678
0.057199999690056	-11.851322185727
0.057250000536442	-11.837699885331
0.057300001382828	-11.823680118024
0.057349998503923	-11.809333674334
0.057399999350309	-11.794720325278
0.057450000196695	-11.779900014018
0.057500001043081	-11.764919358213
0.057549998164177	-11.749833183345
0.057599999010563	-11.734679326216
0.057649999856949	-11.719498553536
0.057700000703335	-11.704321668525
0.057750001549721	-11.689184185999
0.057799998670816	-11.674108944092
0.057849999517202	-11.659125000728
0.057900000363588	-11.644251762959
0.057950001209974	-11.629513255326
0.057999998331070	-11.614926369741
0.058049999177456	-11.600509789693
0.058100000023842	-11.586279900347
0.058150000870228	-11.572252746894
0.058200001716614	-11.558444731863
0.058249998837709	-11.544873015788
0.058299999684095	-11.531556193060
0.058350000530481	-11.518508625930
0.058400001376867	-11.505746480163
0.058449998497963	-11.493294196265
0.058499999344349	-11.481166963773
0.058550000190735	-11.469390223532
0.058600001037121	-11.457980743758
0.058649998158216	-11.446968338541
0.058699999004602	-11.436372841172
0.058749999850988	-11.426220583437
0.058800000697374	-11.416541755111
0.058850001543760	-11.407359417401
0.058899998664856	-11.398707535271
0.058949999511242	-11.390610847393
0.059000000357628	-11.383100911005
0.059050001204014	-11.376208767165
0.059099998325109	-11.369967049135
0.059149999171495	-11.364401864065
0.059200000017881	-11.359548612332
0.059250000864267	-11.355434905879
0.059300001710653	-11.352090507555
0.059349998831749	-11.349542787086
0.059399999678135	-11.347822889060
0.059450000524521	-11.346956846026
0.059500001370907	-11.346969745739
0.059549998492002	-11.347885870444
0.059599999338388	-11.349727865608
0.059650000184774	-11.352515085481
0.059700001031160	-11.356269209360
0.059749998152256	-11.361005396308
0.059799998998642	-11.366738704364
0.059849999845028	-11.373483153898
0.059900000691414	-11.381250086584
0.059950001537800	-11.390046498984
0.059999998658895	-11.399878590857
0.060049999505281	-11.410751641651
0.060100000351667	-11.422668207439
0.060150001198053	-11.435627494816
0.060199998319149	-11.449629241892
0.060249999165535	-11.464670895682
0.060300000011921	-11.480743622245
0.060350000858307	-11.497841416733
0.060400001704693	-11.515958298822
0.060449998825788	-11.535082693429
0.060499999672174	-11.555203566270
0.060550000518560	-11.576308472337
0.060600001364946	-11.598384728356
0.060649998486042	-11.621420143297
0.060699999332428	-11.645398864471
0.060750000178814	-11.670308827596
0.060800001025200	-11.696135451808
0.060849998146296	-11.722864630196
0.060899998992682	-11.750482703066
0.060949999839067	-11.778975073625
0.061000000685453	-11.808334123147
0.061050001531839	-11.838545364922
0.061099998652935	-11.869598082828
0.061149999499321	-11.901486510791
0.061200000345707	-11.934200853124
0.061250001192093	-11.967736463454
0.061299998313189	-12.002091085789
0.061349999159575	-12.037259064921
0.061400000005960	-12.073242092664
0.061450000852346	-12.110043874192
0.061500001698732	-12.147664667589
0.061549998819828	-12.186112405236
0.061599999666214	-12.225393599939
0.061650000512600	-12.265518102088
0.061700001358986	-12.306499107744
0.061749998480082	-12.348347624777
0.061799999326468	-12.391079817233
0.061850000172853	-12.434714628632
0.061900001019239	-12.479267563194
0.061949998140335	-12.524761563326
0.061999998986721	-12.571216260067
0.062049999833107	-12.618654336683
0.062100000679493	-12.667098949377
0.062150001525879	-12.716575967478
0.062199998646975	-12.767109177226
0.062249999493361	-12.818724586804
0.062300000339746	-12.871446925754
0.062350001186132	-12.925302954159
0.062399998307228	-12.980319924235
0.062449999153614	-13.036520064149
0.062500000000000	-13.093930222241
0.062550000846386	-13.152576320687
0.062600001692772	-13.212479975478
0.062650002539158	-13.273665498485
0.062700003385544	-13.336153835250
0.062749996781349	-13.399967685940
0.062799997627735	-13.465124944953
0.062849998474121	-13.531644767004
0.062899999320507	-13.599543544547
0.062950000166893	-13.668837827622
0.063000001013279	-13.739542680218
0.063050001859665	-13.811668077451
0.063100002706051	-13.885228087780
0.063150003552437	-13.960231064155
0.063199996948242	-14.036687169095
0.063249997794628	-14.114603497933
0.063299998641014	-14.193985606882
0.063349999487400	-14.274839933606
0.063400000333786	-14.357170776502
0.063450001180172	-14.440982463503
0.063500002026558	-14.526275242559
0.063550002872944	-14.613055161071
0.063600003719330	-14.701324398846
0.063649997115135	-14.791083189280
0.063699997961521	-14.882337833621
0.063749998807907	-14.975088685246
0.063799999654293	-15.069342904301
0.063850000500679	-15.165104791444
0.063900001347065	-15.262379891067
0.063950002193451	-15.361177578857
0.064000003039837	-15.461506183670
0.064049996435642	-15.563380978462
0.064099997282028	-15.666813644129
0.064149998128414	-15.771822072515
0.064199998974800	-15.878426402259
0.064249999821186	-15.986648320121
0.064300000667572	-16.096516429957
0.064350001513958	-16.208057998191
0.064400002360344	-16.321306162913
0.064450003206730	-16.436300871886
0.064499996602535	-16.553080784462
0.064549997448921	-16.671690222062
0.064599998295307	-16.792181534229
0.064649999141693	-16.914606463130
0.064699999988079	-17.039020148070
0.064750000834465	-17.165485366709
0.064800001680851	-17.294070079946
0.064850002527237	-17.424839389551
0.064900003373623	-17.557871414858
0.064949996769428	-17.693240794886
0.064999997615814	-17.831027572111
0.065049998462200	-17.971317698381
0.065099999308586	-18.114198251886
0.065150000154972	-18.259758300171
0.065200001001358	-18.408091206244
0.065250001847744	-18.559290155860
0.065300002694130	-18.713453415685
0.065350003540516	-18.870677817051
0.065399996936321	-19.031059432219
0.065449997782707	-19.194698976184
0.065499998629093	-19.361693668018
0.065549999475479	-19.532139186383
0.065600000321865	-19.706130461336
0.065650001168251	-19.883757873234
0.065700002014637	-20.065109419455
0.065750002861023	-20.250265969705
0.065800003707409	-20.439302229019
0.065849997103214	-20.632284659958
0.065899997949600	-20.829270407838
0.065949998795986	-21.030300719244
0.065999999642372	-21.235407538872
0.066050000488758	-21.444598200358
0.066100001335144	-21.657865469946
0.066150002181530	-21.875171768310
0.066200003027916	-22.096454133166
0.066249996423721	-22.321612429010
0.066299997270107	-22.550505604935
0.066349998116493	-22.782947953818
0.066399998962879	-23.018694188177
0.066449999809265	-23.257437249825
0.066500000655651	-23.498798377793
0.066550001502037	-23.742307331586
0.066600002348423	-23.987403019859
0.066650003194809	-24.233410952726
0.066699996590614	-24.479531768573
0.066749997437000	-24.724831183779
0.066799998283386	-24.968220950944
0.066849999129772	-25.208454062985
0.066899999976158	-25.444111343618
0.066950000822544	-25.673597584432
0.067000001668930	-25.895146710468
0.067050002515316	-26.106833699282
0.067100003361702	-26.306590521815
0.067149996757507	-26.492253645382
0.067199997603893	-26.661600308539
0.067249998450279	-26.812426644317
0.067299999296665	-26.942618728620
0.067350000143051	-27.050232224417
0.067400000989437	-27.133598056040
0.067450001835823	-27.191393364044
0.067500002682209	-27.222714501466
0.067550003528595	-27.227141654121
0.067599996924400	-27.204740958007
0.067649997770786	-27.156078596657
0.067699998617172	-27.082166225670
0.067749999463558	-26.984420582280
0.067800000309944	-26.864568479713
0.067850001156330	-26.724570020465
0.067900002002716	-26.566521175345
0.067950002849102	-26.392584336879
0.068000003695488	-26.204901666865
0.068049997091293	-26.005548629262
0.068099997937679	-25.796482820460
0.068149998784065	-25.579522923052
0.068199999630451	-25.356322148763
0.068250000476837	-25.128367568242
0.068300001323223	-24.896978195081
0.068350002169609	-24.663315703691
0.068400003015995	-24.428386168802
0.068449996411800	-24.193060693666
0.068499997258186	-23.958083047545
0.068549998104572	-23.724087511032
0.068599998950958	-23.491609167210
0.068649999797344	-23.261101024946
0.068700000643730	-23.032937262872
0.068750001490116	-22.807431746503
0.068800002336502	-22.584840057760
0.068850003182888	-22.365375746925
0.068899996578693	-22.149212469703
0.068949997425079	-21.936484880397
0.068999998271465	-21.727304547323
0.069049999117851	-21.521760897517
0.069099999964237	-21.319919350707
0.069150000810623	-21.121828668779
0.069200001657009	-20.927527504388
0.069250002503395	-20.737038584524
0.069300003349781	-20.550376878161
0.069349996745586	-20.367549220924
0.069399997591972	-20.188553379219
0.069449998438358	-20.013383619625
0.069499999284744	-19.842028672426
0.069550000131130	-19.674472438971
0.069600000977516	-19.510693328724
0.069650001823902	-19.350670881695
0.069700002670288	-19.194379374456
0.069750003516674	-19.041787202810
0.069799996912479	-18.892868170682
0.069849997758865	-18.747586311735
0.069899998605251	-18.605910347896
0.069949999451637	-18.467803914821
0.070000000298023	-18.333228787785
0.070050001144409	-18.202147645395
0.070100001990795	-18.074519118915
0.070150002837181	-17.950303978578
0.070200003683567	-17.829461287674
0.070249997079372	-17.711944575184
0.070299997925758	-17.597712953804
0.070349998772144	-17.486721739275
0.070399999618530	-17.378923485033
0.070450000464916	-17.274275723018
0.070500001311302	-17.172729840712
0.070550002157688	-17.074239942019
0.070600003004074	-16.978758320487
0.070649996399879	-16.886240351001
0.070699997246265	-16.796637047855
0.070749998092651	-16.709900890396
0.070799998939037	-16.625984763407
0.070849999785423	-16.544843851390
0.070900000631809	-16.466430451882
0.070950001478195	-16.390698297572
0.071000002324581	-16.317603786824
0.071050003170967	-16.247101594913
0.071099996566772	-16.179147634027
0.071149997413158	-16.113701507041
0.071199998259544	-16.050719393654
0.071249999105930	-15.990162084455
0.071299999952316	-15.931990239494
0.071350000798702	-15.876168002858
0.071400001645088	-15.822656687415
0.071450002491474	-15.771423495836
0.071500003337860	-15.722434486582
0.071549996733665	-15.675660104849
0.071599997580051	-15.631068498376
0.071649998426437	-15.588634824119
0.071699999272823	-15.548331345118
0.071750000119209	-15.510134482534
0.071800000965595	-15.474023504113
0.071850001811981	-15.439978568407
0.071900002658367	-15.407977594147
0.071950003504753	-15.378007616406
0.071999996900558	-15.350053284769
0.072049997746944	-15.324099875456
0.072099998593330	-15.300139386469
0.072149999439716	-15.278157798162
0.072200000286102	-15.258149477105
0.072250001132488	-15.240108578519
0.072300001978874	-15.224027188013
0.072350002825260	-15.209901876220
0.072400003671646	-15.197729042730
0.072449997067451	-15.187507420339
0.072499997913837	-15.179234725905
0.072549998760223	-15.172908471591
0.072599999606609	-15.168531395414
0.072650000452995	-15.166100186736
0.072700001299381	-15.165618897394
0.072750002145767	-15.167084463643
0.072800002992153	-15.170499006532
0.072849996387959	-15.175861255450
0.072899997234344	-15.183169986130
0.072949998080730	-15.192429134328
0.072999998927116	-15.203631163027
0.073049999773502	-15.216776738448
0.073100000619888	-15.231863263729
0.073150001466274	-15.248884661655
0.073200002312660	-15.267836976581
0.073250003159046	-15.288711115728
0.073299996554852	-15.311502885804
0.073349997401237	-15.336202210890
0.073399998247623	-15.362797979034
0.073449999094009	-15.391275126252
0.073499999940395	-15.421624236364
0.073550000786781	-15.453827943635
0.073600001633167	-15.487871228042
0.073650002479553	-15.523735386269
0.073700003325939	-15.561399303798
0.073749996721745	-15.600842819453
0.073799997568130	-15.642044020724
0.073849998414516	-15.684978562023
0.073899999260902	-15.729621488017
0.073950000107288	-15.775949596749
0.074000000953674	-15.823932012908
0.074050001800060	-15.873543277676
0.074100002646446	-15.924753826506
0.074150003492832	-15.977538450651
0.074199996888638	-16.031864929279
0.074249997735023	-16.087707386436
0.074299998581409	-16.145034155719
0.074349999427795	-16.203819580165
0.074400000274181	-16.264034558984
0.074450001120567	-16.325655547175
0.074500001966953	-16.388654554844
0.074550002813339	-16.453009302351
0.074600003659725	-16.518697765387
0.074649997055531	-16.585699740781
0.074699997901917	-16.653999004592
0.074749998748302	-16.723577398677
0.074799999594688	-16.794423527938
0.074850000441074	-16.866527505963
0.074900001287460	-16.939882914068
0.074950002133846	-17.014487531825
0.075000002980232	-17.090337284293
0.075049996376038	-17.167440209123
0.075099997222424	-17.245798724208
0.075149998068810	-17.325426316769
0.075199998915195	-17.406337193942
0.075249999761581	-17.488545427892
0.075300000607967	-17.572076443330
0.075350001454353	-17.656954635930
0.075400002300739	-17.743205935268
0.075450003147125	-17.830864573484
0.075499996542931	-17.919964302537
0.075549997389317	-18.010544411631
0.075599998235703	-18.102643689199
0.075649999082088	-18.196306185921
0.075699999928474	-18.291577085937
0.075750000774860	-18.388504155234
0.075800001621246	-18.487136056880
0.075850002467632	-18.587524248832
0.075900003314018	-18.689718356940
0.075949996709824	-18.793770838962
0.075999997556210	-18.899735561994
0.076049998402596	-19.007662657053
0.076099999248981	-19.117604211321
0.076150000095367	-19.229611357274
0.076200000941753	-19.343733713064
0.076250001788139	-19.460018884456
0.076300002634525	-19.578513460707
0.076350003480911	-19.699259775326
0.076399996876717	-19.822301487002
0.076449997723103	-19.947675772877
0.076499998569489	-20.075418633443
0.076549999415874	-20.205561181164
0.076600000262260	-20.338132234409
0.076650001108646	-20.473156287256
0.076700001955032	-20.610654329921
0.076750002801418	-20.750642144973
0.076800003647804	-20.893132290006
0.076849997043610	-21.038133552646
0.076899997889996	-21.185649999403
0.076949998736382	-21.335680659567
0.076999999582767	-21.488224629425
0.077050000429153	-21.643270282694
0.077100001275539	-21.800808472435
0.077150002121925	-21.960824380078
0.077200002968311	-22.123301924814
0.077249996364117	-22.288216548914
0.077299997210503	-22.455549775207
0.077349998056889	-22.625277684802
0.077399998903275	-22.797374127396
0.077449999749660	-22.971813933884
0.077500000596046	-23.148568544221
0.077550001442432	-23.327617653474
0.077600002288818	-23.508935698915
0.077650003135204	-23.692499318588
0.077699996531010	-23.878291034248
0.077749997377396	-24.066291226509
0.077799998223782	-24.256488388287
0.077849999070168	-24.448871487760
0.077899999916553	-24.643433387008
0.077950000762939	-24.840171375737
0.078000001609325	-25.039081616012
0.078050002455711	-25.240169978134
0.078100003302097	-25.443435817105
0.078149996697903	-25.648885061758
0.078199997544289	-25.856513342655
0.078249998390675	-26.066319038033
0.078299999237061	-26.278288991661
0.078350000083447	-26.492398698368
0.078400000929832	-26.708607358893
0.078450001776218	-26.926850254733
0.078500002622604	-27.147037186679
0.078550003468990	-27.369038182984
0.078599996864796	-27.592680308408
0.078649997711182	-27.817728724027
0.078699998557568	-28.043890046240
0.078749999403954	-28.270781666140
0.078800000250340	-28.497931135785
0.078850001096725	-28.724755369087
0.078900001943111	-28.950546572112
0.078950002789497	-29.174450905147
0.079000003635883	-29.395461229659
0.079049997031689	-29.612400284979
0.079099997878075	-29.823909658177
0.079149998724461	-30.028450262519
0.079199999570847	-30.224295653668
0.079250000417233	-30.409562990448
0.079300001263618	-30.582226785922
0.079350002110004	-30.740162811850
0.079400002956390	-30.881213293360
0.079449996352196	-31.003254640947
0.079499997198582	-31.104286034833
0.079549998044968	-31.182525179294
0.079599998891354	-31.236500396692
0.079649999737740	-31.265144211274
0.079700000584126	-31.267855134153
0.079750001430511	-31.244539754239
0.079800002276897	-31.195631632878
0.079850003123283	-31.122059736609
0.079899996519089	-31.025199142715
0.079949997365475	-30.906796639465
0.079999998211861	-30.768875077373
0.080049999058247	-30.613639736795
0.080099999904633	-30.443384520470
0.080150000751019	-30.260405694317
0.080200001597404	-30.066934999378
0.080250002443790	-29.865081709956
0.080300003290176	-29.656801377558
0.080349996685982	-29.443862948043
0.080399997532368	-29.227850293207
0.080449998378754	-29.010147224301
0.080499999225140	-28.791949015209
0.080550000071526	-28.574271213596
0.080600000917912	-28.357966741490
0.080650001764297	-28.143731431396
0.080700002610683	-27.932131360585
0.080750003457069	-27.723604157446
0.080799996852875	-27.518486064646
0.080849997699261	-27.317017758653
0.080899998545647	-27.119356530288
0.080949999392033	-26.925591857075
0.081000000238419	-26.735751930370
0.081050001084805	-26.549811801893
0.081100001931190	-26.367704353894
0.081150002777576	-26.189325484640
0.081200003623962	-26.014543666540
0.081249997019768	-25.843198284033
0.081299997866154	-25.675112137727
0.081349998712540	-25.510093655406
0.081399999558926	-25.347938604692
0.081450000405312	-25.188441665183
0.081500001251698	-25.031385933892
0.081550002098083	-24.876566259811
0.081600002944469	-24.723768627237
0.081649996340275	-24.572797448578
0.081699997186661	-24.423457240902
0.081749998033047	-24.275564843696
0.081799998879433	-24.128954658634
0.081849999725819	-23.983473955851
0.081900000572205	-23.838980686418
0.081950001418591	-23.695359009808
0.082000002264977	-23.552505291209
0.082050003111362	-23.410334941371
0.082099996507168	-23.268785777442
0.082149997353554	-23.127808474707
0.082199998199940	-22.987379736055
0.082249999046326	-22.847486584459
0.082299999892712	-22.708136320050
0.082350000739098	-22.569355094764
0.082400001585484	-22.431175959224
0.082450002431870	-22.293650788807
0.082500003278255	-22.156841084545
0.082549996674061	-22.020815750050
0.082599997520447	-21.885655383187
0.082649998366833	-21.751444748733
0.082699999213219	-21.618270377732
0.082750000059605	-21.486222297549
0.082800000905991	-21.355394118391
0.082850001752377	-21.225872873050
0.082900002598763	-21.097749337086
0.082950003445148	-20.971105230856
0.082999996840954	-20.846016652343
0.083049997687340	-20.722554160679
0.083099998533726	-20.600781593707
0.083149999380112	-20.480751295644
0.083200000226498	-20.362509675889
0.083250001072884	-20.246086876032
0.083300001919270	-20.131506031598
0.083350002765656	-20.018781145756
0.083400003612041	-19.907908516970
0.083449997007847	-19.798874090293
0.083499997854233	-19.691655802593
0.083549998700619	-19.586216802659
0.083599999547005	-19.482505215904
0.083650000393391	-19.380462182929
0.083700001239777	-19.280018199303
0.083750002086163	-19.181089752409
0.083800002932549	-19.083584963533
0.083849996328354	-18.987403143258
0.083899997174740	-18.892436771925
0.083949998021126	-18.798569216144
0.083999998867512	-18.705677337945
0.084049999713898	-18.613636752073
0.084100000560284	-18.522313427430
0.084150001406670	-18.431576431229
0.084200002253056	-18.341293225710
0.084250003099442	-18.251328631239
0.084299996495247	-18.161553799414
0.084349997341633	-18.071842719628
0.084399998188019	-17.982072417080
0.084449999034405	-17.892130930951
0.084499999880791	-17.801907731844
0.084550000727177	-17.711310620709
0.084600001573563	-17.620248567882
0.084650002419949	-17.528653153202
0.084700003266335	-17.436458224932
0.084749996662140	-17.343619514048
0.084799997508526	-17.250101047569
0.084849998354912	-17.155886484131
0.084899999201298	-17.060966769221
0.084950000047684	-16.965356575147
0.085000000894070	-16.869077696768
0.085050001740456	-16.772169201654
0.085100002586842	-16.674682908242
0.085150003433228	-16.576677564211
0.085199996829033	-16.478232845505
0.085249997675419	-16.379429425914
0.085299998521805	-16.280360299544
0.085349999368191	-16.181122245522
0.085400000214577	-16.081825178857
0.085450001060963	-15.982576514495
0.085500001907349	-15.883489035969
0.085550002753735	-15.784672487995
0.085600003600121	-15.686238552028
0.085649996995926	-15.588301173421
0.085699997842312	-15.490963825338
0.085749998688698	-15.394329071794
0.085799999535084	-15.298492134400
0.085850000381470	-15.203541776699
0.085900001227856	-15.109559506345
0.085950002074242	-15.016612217818
0.086000002920628	-14.924764902734
0.086049996316433	-14.834063006162
0.086099997162819	-14.744544728862
0.086149998009205	-14.656238602961
0.086199998855591	-14.569157649517
0.086249999701977	-14.483300196256
0.086300000548363	-14.398653627956
0.086350001394749	-14.315195289993
0.086400002241135	-14.232881901344
0.086450003087521	-14.151666147450
0.086499996483326	-14.071480786805
0.086549997329712	-13.992252982381
0.086599998176098	-13.913890259901
0.086649999022484	-13.836296716216
0.086699999868870	-13.759363859126
0.086750000715256	-13.682972802510
0.086800001561642	-13.606996072767
0.086850002408028	-13.531306244023
0.086900003254414	-13.455759510193
0.086949996650219	-13.380219760918
0.086999997496605	-13.304538504924
0.087049998342991	-13.228575386375
0.087099999189377	-13.152187501489
0.087150000035763	-13.075231456065
0.087200000882149	-12.997575736779
0.087250001728535	-12.919095174357
0.087300002574921	-12.839666948534
0.087350003421307	-12.759186790888
0.087399996817112	-12.677560120230
0.087449997663498	-12.594704606769
0.087499998509884	-12.510554378979
0.087549999356270	-12.425063474260
0.087600000202656	-12.338202107762
0.087650001049042	-12.249954942296
0.087700001895428	-12.160335286865
0.087750002741814	-12.069366935579
0.087800003588200	-11.977096135308
0.087849996984005	-11.883593760157
0.087899997830391	-11.788942023663
0.087949998676777	-11.693241361335
0.087999999523163	-11.596617379521
0.088050000369549	-11.499201269814
0.088100001215935	-11.401147844569
0.088150002062321	-11.302616057744
0.088200002908707	-11.203780912624
0.088249996304512	-11.104828056141
0.088299997150898	-11.005947528884
0.088349997997284	-10.907338342074
0.088399998843670	-10.809201003039
0.088449999690056	-10.711741527683
0.088500000536442	-10.615165471868
0.088550001382828	-10.519680762934
0.088600002229214	-10.425489510013
0.088650003075600	-10.332794910735
0.088699996471405	-10.241790848569
0.088749997317791	-10.152672665497
0.088799998164177	-10.065622951740
0.088849999010563	-9.9808252065766
0.088899999856949	-9.8984482349226
0.088950000703335	-9.8186540424802
0.089000001549721	-9.7415996578608
0.089050002396107	-9.6674291881732
0.089100003242493	-9.5962789731664
0.089149996638298	-9.5282731225567
0.089199997484684	-9.4635287242990
0.089249998331070	-9.4021502352926
0.089299999177456	-9.3442343368125
0.089350000023842	-9.2898610429380
0.089400000870228	-9.2391056930214
0.089450001716614	-9.1920281662940
0.089500002563000	-9.1486791898538
0.089550003409386	-9.1090969410708
0.089599996805191	-9.0733092039034
0.089649997651577	-9.0413287690593
0.089699998497963	-9.0131607484860
0.089749999344349	-8.9887921244307
0.089800000190735	-8.9681997963690
0.089850001037121	-8.9513494801866
0.089900001883507	-8.9381898726904
0.089950002729893	-8.9286568975225
0.090000003576279	-8.9226712265887
0.090049996972084	-8.9201413452155
0.090099997818470	-8.9209578583055
0.090149998664856	-8.9249967454962
0.090199999511242	-8.9321169397905
0.090250000357628	-8.9421636181828
0.090300001204014	-8.9549613042486
0.090350002050400	-8.9703208059146
0.090400002896786	-8.9880344167423
0.090449996292591	-9.0078769198120
0.090499997138977	-9.0296082115283
0.090549997985363	-9.0529689960985
0.090599998831749	-9.0776872170613
0.090649999678135	-9.1034705003100
0.090700000524521	-9.1300194676003
0.090750001370907	-9.1570163498777
0.090800002217293	-9.1841347006694
0.090850003063679	-9.2110397412205
0.090899996459484	-9.2373891505168
0.090949997305870	-9.2628406107908
0.090999998152256	-9.2870465161514
0.091049998998642	-9.3096681176391
0.091099999845028	-9.3303705532412
0.091150000691414	-9.3488312760279
0.091200001537800	-9.3647431284180
0.091250002384186	-9.3778195782436
0.091300003230572	-9.3877998782045
0.091349996626377	-9.3944452927480
0.091399997472763	-9.3975573561798
0.091449998319149	-9.3969652906922
0.091499999165535	-9.3925420101217
0.091550000011921	-9.3841946792950
0.091600000858307	-9.3718790831873
0.091650001704693	-9.3555879657616
0.091700002551079	-9.3353578464304
0.091750003397465	-9.3112667933758
0.091799996793270	-9.2834329226827
0.091849997639656	-9.2520106367790
0.091899998486042	-9.2171897805543
0.091949999332428	-9.1791892818712
0.092000000178814	-9.1382581029640
0.092050001025200	-9.0946643461609
0.092100001871586	-9.0486975925117
0.092150002717972	-9.0006606053960
0.092200003564358	-8.9508639384863
0.092249996960163	-8.8996284103874
0.092299997806549	-8.8472716993776
0.092349998652935	-8.7941122025013
0.092399999499321	-8.7404637065291
0.092450000345707	-8.6866306296635
0.092500001192093	-8.6329071120347
0.092550002038479	-8.5795741975331
0.092600002884865	-8.5268990643861
0.092649996280670	-8.4751314570888
0.092699997127056	-8.4245058500309
0.092749997973442	-8.3752355225601
0.092799998819828	-8.3275183545774
0.092849999666214	-8.2815300466272
0.092900000512600	-8.2374272815269
0.092950001358986	-8.1953492749928
0.093000002205372	-8.1554153665576
0.093050003051758	-8.1177219865948
0.093099996447563	-8.0823522214662
0.093149997293949	-8.0493663145544
0.093199998140335	-8.0188087138720
0.093249998986721	-7.9907050491208
0.093299999833107	-7.9650655919557
0.093350000679493	-7.9418829196126
0.093400001525879	-7.9211347458051
0.093450002372265	-7.9027818384859
0.093500003218651	-7.8867733115040
0.093549996614456	-7.8730427667068
0.093599997460842	-7.8615098937958
0.093649998307228	-7.8520868742270
0.093699999153614	-7.8446674486961
0.093750000000000	-7.8391427673544
0.093800000846386	-7.8353890005888
0.093850001692772	-7.8332751968117
0.093900002539158	-7.8326660213856
0.093950003385544	-7.8334159911594
0.093999996781349	-7.8353775296185
0.094049997627735	-7.8383986611372
0.094099998474121	-7.8423246980684
0.094149999320507	-7.8470017371958
0.094200000166893	-7.8522731021021
0.094250001013279	-7.8579886346322
0.094300001859665	-7.8639957368395
0.094350002706051	-7.8701551532759
0.094400003552437	-7.8763249649029
0.094449996948242	-7.8823788469369
0.094499997794628	-7.8881929532812
0.094549998641014	-7.8936599018393
0.094599999487400	-7.8986782040224
0.094650000333786	-7.9031634588925
0.094700001180172	-7.9070416157192
0.094750002026558	-7.9102538236057
0.094800002872944	-7.9127548777736
0.094850003719330	-7.9145164214673
0.094899997115135	-7.9155217298877
0.094949997961521	-7.9157700428506
0.094999998807907	-7.9152750206771
0.095049999654293	-7.9140646758348
0.095100000500679	-7.9121772315160
0.095150001347065	-7.9096665304578
0.095200002193451	-7.9065918695633
0.095250003039837	-7.9030278448095
0.095299996435642	-7.8990530133359
0.095349997282028	-7.8947548994365
0.095399998128414	-7.8902263026949
0.095449998974800	-7.8855613513393
0.095499999821186	-7.8808568032471
0.095550000667572	-7.8762133907121
0.095600001513958	-7.8717270723173
0.095650002360344	-7.8674911799438
0.095700003206730	-7.8635987798806
0.095749996602535	-7.8601314651319
0.095799997448921	-7.8571701499891
0.095849998295307	-7.8547862580161
0.095899999141693	-7.8530378898224
0.095949999988079	-7.8519815807207
0.096000000834465	-7.8516550058018
0.096050001680851	-7.8520893162878
0.096100002527237	-7.8533020896966
0.096150003373623	-7.8553011248074
0.096199996769428	-7.8580748253650
0.096249997615814	-7.8616070578874
0.096299998462200	-7.8658620453113
0.096349999308586	-7.8707939582521
0.096400000154972	-7.8763456787696
0.096450001001358	-7.8824436112407
0.096500001847744	-7.8890041225453
0.096550002694130	-7.8959364353476
0.096600003540516	-7.9031323812794
0.096649996936321	-7.9104808035920
0.096699997782707	-7.9178584979654
0.096749998629093	-7.9251359385177
0.096799999475479	-7.9321799128816
0.096850000321865	-7.9388503207156
0.096900001168251	-7.9450080702087
0.096950002014637	-7.9505086842167
0.097000002861023	-7.9552172537172
0.097050003707409	-7.9589925999241
0.097099997103214	-7.9617021058675
0.097149997949600	-7.9632239907833
0.097199998795986	-7.9634388601196
0.097249999642372	-7.9622431112008
0.097300000488758	-7.9595422956527
0.097350001335144	-7.9552559444187
0.097400002181530	-7.9493171244645
0.097450003027916	-7.9416790466984
0.097499996423721	-7.9323075942077
0.097549997270107	-7.9211897890619
0.097599998116493	-7.9083245586132
0.097649998962879	-7.8937353352755
0.097699999809265	-7.8774580984452
0.097750000655651	-7.8595486974765
0.097800001502037	-7.8400761116247
0.097850002348423	-7.8191246659190
0.097900003194809	-7.7967944549658
0.097949996590614	-7.7731951690589
0.097999997437000	-7.7484496210681
0.098049998283386	-7.7226850330063
0.098099999129772	-7.6960416476319
0.098149999976158	-7.6686585529724
0.098200000822544	-7.6406796385675
0.098250001668930	-7.6122513423008
0.098300002515316	-7.5835171908538
0.098350003361702	-7.5546223154972
0.098399996757507	-7.5257043353299
0.098449997603893	-7.4968925245004
0.098499998450279	-7.4683150842316
0.098549999296665	-7.4400873358983
0.098600000143051	-7.4123188084116
0.098650000989437	-7.3851009551108
0.098700001835823	-7.3585218635456
0.098750002682209	-7.3326532315420
0.098800003528595	-7.3075552375841
0.098849996924400	-7.2832727464829
0.098899997770786	-7.2598414201898
0.098949998617172	-7.2372764298517
0.098999999463558	-7.2155857071012
0.099050000309944	-7.1947608799383
0.099100001156330	-7.1747786559101
0.099150002002716	-7.1556085486809
0.099200002849102	-7.1371999967622
0.099250003695488	-7.1194974306123
0.099299997091293	-7.1024292533003
0.099349997937679	-7.0859193980714
0.099399998784065	-7.0698777851896
0.099449999630451	-7.0542093150579
0.099500000476837	-7.0388113381031
0.099550001323223	-7.0235760210613
0.099600002169609	-7.0083940072308
0.099650003015995	-6.9931516034383
0.099699996411800	-6.9777350145655
0.099749997258186	-6.9620323520916
0.099799998104572	-6.9459322293490
0.099849998950958	-6.9293290620997
0.099899999797344	-6.9121252356777
0.099950000643730	-6.8942265433314
0.10000000149012	-6.8755516009011
