#Parameters = {ApertureA=7300; ApertureB=6000; Horn_Height=7300; ProbeHeight=1333; ProbeL=2000; ProbeR=23.5; ProbeRin=69.2; ProbeRout=72; R=10000; Thickness=3; WGH=3200; WGL=3000; WGW=2000}
#"Frequency / GHz"	"S1,1 [Magnitude / dB]"
#-----------------------------------------
0.050000000745058	-3.5013088849530
0.050050001591444	-3.5499500846960
0.050099998712540	-3.5992359975699
0.050149999558926	-3.6491634708126
0.050200000405312	-3.6997214107925
0.050250001251698	-3.7509105363026
0.050299998372793	-3.8027241960300
0.050349999219179	-3.8551628525553
0.050400000065565	-3.9082293939099
0.050450000911951	-3.9619266294432
0.050500001758337	-4.0162604018297
0.050549998879433	-4.0712402600584
0.050599999725819	-4.1268742541911
0.050650000572205	-4.1831805112836
0.050700001418591	-4.2401712949360
0.050749998539686	-4.2978664284751
0.050799999386072	-4.3562859802765
0.050850000232458	-4.4154511119380
0.050900001078844	-4.4753864988518
0.050949998199940	-4.5361192953996
0.050999999046326	-4.5976770761981
0.051049999892712	-4.6600882795784
0.051100000739098	-4.7233856355204
0.051150001585484	-4.7875990309454
0.051199998706579	-4.8527604929286
0.051249999552965	-4.9189032518764
0.051300000399351	-4.9860597846260
0.051350001245737	-5.0542650015802
0.051399998366833	-5.1235500993009
0.051449999213219	-5.1939468442747
0.051500000059605	-5.2654878134546
0.051550000905991	-5.3382036195223
0.051600001752377	-5.4121215604980
0.051649998873472	-5.4872716832486
0.051699999719858	-5.5636773601097
0.051750000566244	-5.6413614639117
0.051800001412630	-5.7203479649379
0.051849998533726	-5.8006540256798
0.051899999380112	-5.8822958454654
0.051950000226498	-5.9652880825290
0.052000001072884	-6.0496423638643
0.052049998193979	-6.1353635415649
0.052099999040365	-6.2224575167992
0.052149999886751	-6.3109245317926
0.052200000733137	-6.4007645614589
0.052250001579523	-6.4919707100654
0.052299998700619	-6.5845326347970
0.052349999547005	-6.6784424512310
0.052400000393391	-6.7736807223186
0.052450001239777	-6.8702286736713
0.052499998360872	-6.9680669019821
0.052549999207258	-7.0671681049658
0.052600000053644	-7.1675037332776
0.052650000900030	-7.2690431946091
0.052700001746416	-7.3717521080815
0.052749998867512	-7.4755937532702
0.052799999713898	-7.5805270077229
0.052850000560284	-7.6865121092367
0.052900001406670	-7.7935033089161
0.052949998527765	-7.9014556763038
0.052999999374151	-8.0103220701595
0.053050000220537	-8.1200509729887
0.053100001066923	-8.2305935341788
0.053149998188019	-8.3418982951786
0.053199999034405	-8.4539103071723
0.053249999880791	-8.5665770966763
0.053300000727177	-8.6798443842538
0.053350001573563	-8.7936566016479
0.053399998694658	-8.9079596769855
0.053449999541044	-9.0226972443489
0.053500000387430	-9.1378140898485
0.053550001233816	-9.2532552988919
0.053599998354912	-9.3689624225441
0.053649999201298	-9.4848811438696
0.053700000047684	-9.6009544258600
0.053750000894070	-9.7171253135553
0.053800001740456	-9.8333363437357
0.053849998861551	-9.9495297381641
0.053899999707937	-10.065645221645
0.053950000554323	-10.181624734405
0.054000001400709	-10.297402468200
0.054049998521805	-10.412916382660
0.054099999368191	-10.528099741826
0.054150000214577	-10.642881662478
0.054200001060963	-10.757191255943
0.054249998182058	-10.870950415285
0.054299999028444	-10.984077552936
0.054349999874830	-11.096489928194
0.054400000721216	-11.208093555327
0.054450001567602	-11.318795578549
0.054499998688698	-11.428491946681
0.054549999535084	-11.537075785383
0.054600000381470	-11.644430117082
0.054650001227856	-11.750437796364
0.054699998348951	-11.854969135047
0.054749999195337	-11.957890046722
0.054800000041723	-12.059060925356
0.054850000888109	-12.158336427459
0.054900001734495	-12.255563502204
0.054949998855591	-12.350588854251
0.054999999701977	-12.443249964957
0.055050000548363	-12.533387007159
0.055100001394749	-12.620832716162
0.055149998515844	-12.705425885822
0.055199999362230	-12.787001332475
0.055250000208616	-12.865400200582
0.055300001055002	-12.940465569262
0.055349998176098	-13.012049632312
0.055399999022484	-13.080010836750
0.055449999868870	-13.144218306459
0.055500000715256	-13.204554811613
0.055550001561642	-13.260914910841
0.055599998682737	-13.313209715921
0.055649999529123	-13.361366733865
0.055700000375509	-13.405331646190
0.055750001221895	-13.445070300313
0.055799998342991	-13.480568595361
0.055849999189377	-13.511832881917
0.055900000035763	-13.538889271717
0.055950000882149	-13.561785652404
0.056000001728535	-13.580589492007
0.056049998849630	-13.595387471770
0.056099999696016	-13.606285630122
0.056150000542402	-13.613405784468
0.056200001388788	-13.616885969015
0.056249998509884	-13.616878058978
0.056299999356270	-13.613545431704
0.056350000202656	-13.607061443415
0.056400001049042	-13.597609507497
0.056449998170137	-13.585373593219
0.056499999016523	-13.570551681660
0.056549999862909	-13.553332849174
0.056600000709295	-13.533911989039
0.056650001555681	-13.512485367728
0.056699998676777	-13.489241556595
0.056749999523163	-13.464366130827
0.056800000369549	-13.438041062728
0.056850001215935	-13.410442348135
0.056899998337030	-13.381734922586
0.056949999183416	-13.352079870292
0.057000000029802	-13.321626004744
0.057050000876188	-13.290515462896
0.057100001722574	-13.258881350503
0.057149998843670	-13.226846467289
0.057199999690056	-13.194524797347
0.057250000536442	-13.162021246096
0.057300001382828	-13.129429794275
0.057349998503923	-13.096839663354
0.057399999350309	-13.064326766273
0.057450000196695	-13.031962855596
0.057500001043081	-12.999810676370
0.057549998164177	-12.967925773775
0.057599999010563	-12.936358881097
0.057649999856949	-12.905151684332
0.057700000703335	-12.874342866844
0.057750001549721	-12.843968487647
0.057799998670816	-12.814053098757
0.057849999517202	-12.784625684802
0.057900000363588	-12.755708951831
0.057950001209974	-12.727320340574
0.057999998331070	-12.699477998305
0.058049999177456	-12.672200264014
0.058100000023842	-12.645499725887
0.058150000870228	-12.619390614439
0.058200001716614	-12.593887951739
0.058249998837709	-12.569005631677
0.058299999684095	-12.544755699228
0.058350000530481	-12.521152240835
0.058400001376867	-12.498213079520
0.058449998497963	-12.475952603611
0.058499999344349	-12.454386583056
0.058550000190735	-12.433534095285
0.058600001037121	-12.413413677891
0.058649998158216	-12.394044917068
0.058699999004602	-12.375450702472
0.058749999850988	-12.357653583998
0.058800000697374	-12.340675334058
0.058850001543760	-12.324541335154
0.058899998664856	-12.309275391493
0.058949999511242	-12.294904780508
0.059000000357628	-12.281455171586
0.059050001204014	-12.268953455284
0.059099998325109	-12.257424431356
0.059149999171495	-12.246898667227
0.059200000017881	-12.237401152083
0.059250000864267	-12.228955115635
0.059300001710653	-12.221588533731
0.059349998831749	-12.215326905576
0.059399999678135	-12.210190290128
0.059450000524521	-12.206205147291
0.059500001370907	-12.203389745683
0.059549998492002	-12.201763200777
0.059599999338388	-12.201346917389
0.059650000184774	-12.202153428518
0.059700001031160	-12.204198090856
0.059749998152256	-12.207495313782
0.059799998998642	-12.212052226367
0.059849999845028	-12.217880831018
0.059900000691414	-12.224983692858
0.059950001537800	-12.233368901482
0.059999998658895	-12.243035047324
0.060049999505281	-12.253983199184
0.060100000351667	-12.266213375021
0.060150001198053	-12.279720483289
0.060199998319149	-12.294499683485
0.060249999165535	-12.310540158548
0.060300000011921	-12.327837998832
0.060350000858307	-12.346378330011
0.060400001704693	-12.366154673166
0.060449998825788	-12.387149003813
0.060499999672174	-12.409348650300
0.060550000518560	-12.432738355717
0.060600001364946	-12.457307065772
0.060649998486042	-12.483033820137
0.060699999332428	-12.509905700742
0.060750000178814	-12.537906466040
0.060800001025200	-12.567021673505
0.060849998146296	-12.597232821831
0.060899998992682	-12.628529496529
0.060949999839067	-12.660893853622
0.061000000685453	-12.694318769277
0.061050001531839	-12.728788129139
0.061099998652935	-12.764296406376
0.061149999499321	-12.800831881846
0.061200000345707	-12.838390333862
0.061250001192093	-12.876969038511
0.061299998313189	-12.916560839167
0.061349999159575	-12.957169769507
0.061400000005960	-12.998796362342
0.061450000852346	-13.041447257440
0.061500001698732	-13.085124687609
0.061549998819828	-13.129839534330
0.061599999666214	-13.175604787537
0.061650000512600	-13.222433799283
0.061700001358986	-13.270340262536
0.061749998480082	-13.319346420125
0.061799999326468	-13.369468542532
0.061850000172853	-13.420730312655
0.061900001019239	-13.473156919670
0.061949998140335	-13.526774503970
0.061999998986721	-13.581609503549
0.062049999833107	-13.637691459014
0.062100000679493	-13.695052036522
0.062150001525879	-13.753722633393
0.062199998646975	-13.813735195744
0.062249999493361	-13.875123660976
0.062300000339746	-13.937920650195
0.062350001186132	-14.002162301434
0.062399998307228	-14.067883812343
0.062449999153614	-14.135117770813
0.062500000000000	-14.203900098493
0.062550000846386	-14.274264599197
0.062600001692772	-14.346246063955
0.062650002539158	-14.419877874279
0.062700003385544	-14.495189735494
0.062749996781349	-14.572216428664
0.062799997627735	-14.650989079156
0.062849998474121	-14.731536853854
0.062899999320507	-14.813887335893
0.062950000166893	-14.898070026409
0.063000001013279	-14.984111536250
0.063050001859665	-15.072037720621
0.063100002706051	-15.161873101713
0.063150003552437	-15.253640070127
0.063199996948242	-15.347364509973
0.063249997794628	-15.443066354503
0.063299998641014	-15.540766581832
0.063349999487400	-15.640488650284
0.063400000333786	-15.742251507781
0.063450001180172	-15.846075551246
0.063500002026558	-15.951983295817
0.063550002872944	-16.059992126611
0.063600003719330	-16.170127095726
0.063649997115135	-16.282409191166
0.063699997961521	-16.396862701511
0.063749998807907	-16.513511255871
0.063799999654293	-16.632384801108
0.063850000500679	-16.753510840284
0.063900001347065	-16.876924078943
0.063950002193451	-17.002655730928
0.064000003039837	-17.130747886240
0.064049996435642	-17.261242259971
0.064099997282028	-17.394184401342
0.064149998128414	-17.529629108842
0.064199998974800	-17.667627274340
0.064249999821186	-17.808246197928
0.064300000667572	-17.951552767315
0.064350001513958	-18.097619317576
0.064400002360344	-18.246529390799
0.064450003206730	-18.398370324450
0.064499996602535	-18.553239143718
0.064549997448921	-18.711238102419
0.064599998295307	-18.872479796382
0.064649999141693	-19.037086539193
0.064699999988079	-19.205184263699
0.064750000834465	-19.376914654578
0.064800001680851	-19.552424982228
0.064850002527237	-19.731872954283
0.064900003373623	-19.915425660372
0.064949996769428	-20.103259776316
0.064999997615814	-20.295564444892
0.065049998462200	-20.492534411049
0.065099999308586	-20.694378633699
0.065150000154972	-20.901312218066
0.065200001001358	-21.113562372062
0.065250001847744	-21.331362780564
0.065300002694130	-21.554956390194
0.065350003540516	-21.784594003115
0.065399996936321	-22.020526379915
0.065449997782707	-22.263017111165
0.065499998629093	-22.512322704681
0.065549999475479	-22.768701512457
0.065600000321865	-23.032402409678
0.065650001168251	-23.303665770032
0.065700002014637	-23.582708515787
0.065750002861023	-23.869720503610
0.065800003707409	-24.164849841277
0.065849997103214	-24.468187519640
0.065899997949600	-24.779747854091
0.065949998795986	-25.099443770450
0.065999999642372	-25.427050454157
0.066050000488758	-25.762170822156
0.066100001335144	-26.104181728842
0.066150002181530	-26.452171292034
0.066200003027916	-26.804866311064
0.066249996423721	-27.160543392248
0.066299997270107	-27.516930299101
0.066349998116493	-27.871095284302
0.066399998962879	-28.219345334669
0.066449999809265	-28.557137377744
0.066500000655651	-28.879026046222
0.066550001502037	-29.178706302781
0.066600002348423	-29.449147722063
0.066650003194809	-29.682897711648
0.066699996590614	-29.872544495991
0.066749997437000	-30.011331030785
0.066799998283386	-30.093852335311
0.066849999129772	-30.116679540134
0.066899999976158	-30.078807617211
0.066950000822544	-29.981795407815
0.067000001668930	-29.829543979685
0.067050002515316	-29.627802477977
0.067100003361702	-29.383506279804
0.067149996757507	-29.104092241400
0.067199997603893	-28.796920512467
0.067249998450279	-28.468842918477
0.067299999296665	-28.125947545999
0.067350000143051	-27.773440628239
0.067400000989437	-27.415639988910
0.067450001835823	-27.056032911982
0.067500002682209	-26.697369820446
0.067550003528595	-26.341773281666
0.067599996924400	-25.990841482512
0.067649997770786	-25.645751210614
0.067699998617172	-25.307335500059
0.067749999463558	-24.976161119968
0.067800000309944	-24.652585248373
0.067850001156330	-24.336803898301
0.067900002002716	-24.028888895452
0.067950002849102	-23.728825347710
0.068000003695488	-23.436522851064
0.068049997091293	-23.151846609469
0.068099997937679	-22.874624813312
0.068149998784065	-22.604666833402
0.068199999630451	-22.341761433854
0.068250000476837	-22.085692935557
0.068300001323223	-21.836241376798
0.068350002169609	-21.593191364371
0.068400003015995	-21.356326867414
0.068449996411800	-21.125440715411
0.068499997258186	-20.900332730325
0.068549998104572	-20.680810627028
0.068599998950958	-20.466692565955
0.068649999797344	-20.257805977491
0.068700000643730	-20.053984383368
0.068750001490116	-19.855078216118
0.068800002336502	-19.660940023060
0.068850003182888	-19.471435261834
0.068899996578693	-19.286438512019
0.068949997425079	-19.105832729640
0.068999998271465	-18.929505785072
0.069049999117851	-18.757356022636
0.069099999964237	-18.589289768523
0.069150000810623	-18.425218415713
0.069200001657009	-18.265060118943
0.069250002503395	-18.108735198401
0.069300003349781	-17.956177117215
0.069349996745586	-17.807316804588
0.069399997591972	-17.662092546024
0.069449998438358	-17.520447334974
0.069499999284744	-17.382325091351
0.069550000131130	-17.247675588680
0.069600000977516	-17.116449054460
0.069650001823902	-16.988603938054
0.069700002670288	-16.864092975122
0.069750003516674	-16.742874127015
0.069799996912479	-16.624909163360
0.069849997758865	-16.510159927861
0.069899998605251	-16.398585892702
0.069949999451637	-16.290153623978
0.070000000298023	-16.184826520485
0.070050001144409	-16.082569433228
0.070100001990795	-15.983347952069
0.070150002837181	-15.887128197332
0.070200003683567	-15.793874795044
0.070249997079372	-15.703557140041
0.070299997925758	-15.616139753951
0.070349998772144	-15.531589198864
0.070399999618530	-15.449872622461
0.070450000464916	-15.370955377030
0.070500001311302	-15.294805855304
0.070550002157688	-15.221388706974
0.070600003004074	-15.150670589213
0.070649996399879	-15.082617027008
0.070699997246265	-15.017196786434
0.070749998092651	-14.954374537649
0.070799998939037	-14.894115612507
0.070849999785423	-14.836389490452
0.070900000631809	-14.781160399270
0.070950001478195	-14.728396234092
0.071000002324581	-14.678063393055
0.071050003170967	-14.630130949112
0.071099996566772	-14.584566034171
0.071149997413158	-14.541337581871
0.071199998259544	-14.500414412963
0.071249999105930	-14.461766705285
0.071299999952316	-14.425365704329
0.071350000798702	-14.391180577595
0.071400001645088	-14.359186041725
0.071450002491474	-14.329354437210
0.071500003337860	-14.301659077984
0.071549996733665	-14.276076582708
0.071599997580051	-14.252582890383
0.071649998426437	-14.231154874281
0.071699999272823	-14.211771278615
0.071750000119209	-14.194413465848
0.071800000965595	-14.179059826568
0.071850001811981	-14.165696032363
0.071900002658367	-14.154303290663
0.071950003504753	-14.144866992481
0.071999996900558	-14.137373979716
0.072049997746944	-14.131809257014
0.072099998593330	-14.128164349626
0.072149999439716	-14.126427545047
0.072200000286102	-14.126589720859
0.072250001132488	-14.128639847663
0.072300001978874	-14.132573836759
0.072350002825260	-14.138384603428
0.072400003671646	-14.146065285773
0.072449997067451	-14.155608960377
0.072499997913837	-14.167015803886
0.072549998760223	-14.180279364018
0.072599999606609	-14.195393910820
0.072650000452995	-14.212358624245
0.072700001299381	-14.231170229529
0.072750002145767	-14.251824491488
0.072800002992153	-14.274316857063
0.072849996387959	-14.298646299977
0.072899997234344	-14.324808112984
0.072949998080730	-14.352797561318
0.072999998927116	-14.382608394424
0.073049999773502	-14.414236866452
0.073100000619888	-14.447677207772
0.073150001466274	-14.482918743329
0.073200002312660	-14.519957692453
0.073250003159046	-14.558781874027
0.073299996554852	-14.599382493818
0.073349997401237	-14.641745370355
0.073399998247623	-14.685860453528
0.073449999094009	-14.731711942299
0.073499999940395	-14.779284091989
0.073550000786781	-14.828560407484
0.073600001633167	-14.879524969711
0.073650002479553	-14.932155304001
0.073700003325939	-14.986433409109
0.073749996721745	-15.042335155263
0.073799997568130	-15.099835897054
0.073849998414516	-15.158913706156
0.073899999260902	-15.219544050144
0.073950000107288	-15.281698070075
0.074000000953674	-15.345349819636
0.074050001800060	-15.410473638438
0.074100002646446	-15.477038847595
0.074150003492832	-15.545018583779
0.074199996888638	-15.614383733228
0.074249997735023	-15.685107574639
0.074299998581409	-15.757160222590
0.074349999427795	-15.830516804571
0.074400000274181	-15.905148090049
0.074450001120567	-15.981031506502
0.074500001966953	-16.058139750824
0.074550002813339	-16.136452575442
0.074600003659725	-16.215950106671
0.074649997055531	-16.296610525949
0.074699997901917	-16.378417441081
0.074749998748302	-16.461359703020
0.074799999594688	-16.545422725569
0.074850000441074	-16.630600855607
0.074900001287460	-16.716884718886
0.074950002133846	-16.804273828640
0.075000002980232	-16.892766055089
0.075049996376038	-16.982367530605
0.075099997222424	-17.073085195880
0.075149998068810	-17.164927413717
0.075199998915195	-17.257909984170
0.075249999761581	-17.352049410577
0.075300000607967	-17.447362695032
0.075350001454353	-17.543874410146
0.075400002300739	-17.641610980729
0.075450003147125	-17.740596059422
0.075499996542931	-17.840864990839
0.075549997389317	-17.942447615095
0.075599998235703	-18.045378165583
0.075649999082088	-18.149689825754
0.075699999928474	-18.255419913419
0.075750000774860	-18.362604441842
0.075800001621246	-18.471278403649
0.075850002467632	-18.581478403411
0.075900003314018	-18.693236681066
0.075949996709824	-18.806589983982
0.075999997556210	-18.921563033068
0.076049998402596	-19.038189847775
0.076099999248981	-19.156488074203
0.076150000095367	-19.276482377017
0.076200000941753	-19.398187324235
0.076250001788139	-19.521612335313
0.076300002634525	-19.646763242198
0.076350003480911	-19.773637757869
0.076399996876717	-19.902225380267
0.076449997723103	-20.032511060343
0.076499998569489	-20.164470015946
0.076549999415874	-20.298068475729
0.076600000262260	-20.433264014349
0.076650001108646	-20.570002937066
0.076700001955032	-20.708224493519
0.076750002801418	-20.847854123220
0.076800003647804	-20.988810516138
0.076849997043610	-21.130997458388
0.076899997889996	-21.274305144549
0.076949998736382	-21.418621370277
0.076999999582767	-21.563812268164
0.077050000429153	-21.709740979518
0.077100001275539	-21.856253139156
0.077150002121925	-22.003187779363
0.077200002968311	-22.150372783829
0.077249996364117	-22.297623507043
0.077299997210503	-22.444749598264
0.077349998056889	-22.591550395234
0.077399998903275	-22.737818701726
0.077449999749660	-22.883337397128
0.077500000596046	-23.027889470608
0.077550001442432	-23.171250335175
0.077600002288818	-23.313191392140
0.077650003135204	-23.453485933296
0.077699996531010	-23.591901911584
0.077749997377396	-23.728210680175
0.077799998223782	-23.862186609724
0.077849999070168	-23.993602806543
0.077899999916553	-24.122236259137
0.077950000762939	-24.247872082120
0.078000001609325	-24.370296697006
0.078050002455711	-24.489299905072
0.078100003302097	-24.604681465602
0.078149996697903	-24.716239416629
0.078199997544289	-24.823781978938
0.078249998390675	-24.927115274602
0.078299999237061	-25.026054240324
0.078350000083447	-25.120413623598
0.078400000929832	-25.210004466938
0.078450001776218	-25.294646269497
0.078500002622604	-25.374152239758
0.078550003468990	-25.448337628641
0.078599996864796	-25.517013219840
0.078649997711182	-25.579995159764
0.078699998557568	-25.637092121716
0.078749999403954	-25.688116202165
0.078800000250340	-25.732877107123
0.078850001096725	-25.771195725187
0.078900001943111	-25.802890494607
0.078950002789497	-25.827798043722
0.079000003635883	-25.845760982700
0.079049997031689	-25.856640667115
0.079099997878075	-25.860319308018
0.079149998724461	-25.856703450242
0.079199999570847	-25.845731356912
0.079250000417233	-25.827368865257
0.079300001263618	-25.801624594860
0.079350002110004	-25.768541031694
0.079400002956390	-25.728204390870
0.079449996352196	-25.680743799686
0.079499997198582	-25.626330446588
0.079549998044968	-25.565177835625
0.079599998891354	-25.497541114157
0.079649999737740	-25.423714165910
0.079700000584126	-25.344022601993
0.079750001430511	-25.258828640302
0.079800002276897	-25.168515558617
0.079850003123283	-25.073491113109
0.079899996519089	-24.974177823883
0.079949997365475	-24.871008639459
0.079999998211861	-24.764422776555
0.080049999058247	-24.654859767838
0.080099999904633	-24.542754735716
0.080150000751019	-24.428532899273
0.080200001597404	-24.312608814823
0.080250002443790	-24.195378080188
0.080300003290176	-24.077219075520
0.080349996685982	-23.958488557802
0.080399997532368	-23.839517199077
0.080449998378754	-23.720617324176
0.080499999225140	-23.602064952024
0.080550000071526	-23.484118613463
0.080600000917912	-23.367005146318
0.080650001764297	-23.250921971802
0.080700002610683	-23.136046809598
0.080750003457069	-23.022524117395
0.080799996852875	-22.910476934310
0.080849997699261	-22.799998774630
0.080899998545647	-22.691163119744
0.080949999392033	-22.584019443078
0.081000000238419	-22.478594994527
0.081050001084805	-22.374896351114
0.081100001931190	-22.272908095729
0.081150002777576	-22.172605210327
0.081200003623962	-22.073936070162
0.081249997019768	-21.976841355110
0.081299997866154	-21.881245606940
0.081349998712540	-21.787060833745
0.081399999558926	-21.694189874801
0.081450000405312	-21.602528694083
0.081500001251698	-21.511964260350
0.081550002098083	-21.422381497662
0.081600002944469	-21.333657191224
0.081649996340275	-21.245673244459
0.081699997186661	-21.158305707576
0.081749998033047	-21.071436499705
0.081799998879433	-20.984948750941
0.081849999725819	-20.898734446384
0.081900000572205	-20.812687480427
0.081950001418591	-20.726713766077
0.082000002264977	-20.640727438075
0.082050003111362	-20.554653414023
0.082099996507168	-20.468424822742
0.082149997353554	-20.381991418776
0.082199998199940	-20.295313498389
0.082249999046326	-20.208364799090
0.082299999892712	-20.121130531891
0.082350000739098	-20.033611927035
0.082400001585484	-19.945821259365
0.082450002431870	-19.857781772423
0.082500003278255	-19.769530443141
0.082549996674061	-19.681113874295
0.082599997520447	-19.592588577454
0.082649998366833	-19.504019584758
0.082699999213219	-19.415479811440
0.082750000059605	-19.327047206979
0.082800000905991	-19.238804180804
0.082850001752377	-19.150838618651
0.082900002598763	-19.063237277763
0.082950003445148	-18.976087580804
0.082999996840954	-18.889479832492
0.083049997687340	-18.803494977446
0.083099998533726	-18.718219073059
0.083149999380112	-18.633724313555
0.083200000226498	-18.550081868028
0.083250001072884	-18.467357391694
0.083300001919270	-18.385603218530
0.083350002765656	-18.304868437420
0.083400003612041	-18.225188688265
0.083449997007847	-18.146590746607
0.083499997854233	-18.069091137354
0.083549998700619	-17.992696160564
0.083599999547005	-17.917400410393
0.083650000393391	-17.843186040490
0.083700001239777	-17.770024888350
0.083750002086163	-17.697878129291
0.083800002932549	-17.626698682741
0.083849996328354	-17.556421552845
0.083899997174740	-17.486980637538
0.083949998021126	-17.418294963312
0.083999998867512	-17.350279064804
0.084049999713898	-17.282833650368
0.084100000560284	-17.215859687570
0.084150001406670	-17.149249355525
0.084200002253056	-17.082892203380
0.084250003099442	-17.016672478317
0.084299996495247	-16.950473822642
0.084349997341633	-16.884181023896
0.084399998188019	-16.817680705638
0.084449999034405	-16.750858792396
0.084499999880791	-16.683608987720
0.084550000727177	-16.615825770622
0.084600001573563	-16.547420752425
0.084650002419949	-16.478303374967
0.084700003266335	-16.408400519433
0.084749996662140	-16.337643809830
0.084799997508526	-16.265981495982
0.084849998354912	-16.193372751843
0.084899999201298	-16.119790673493
0.084950000047684	-16.045222482786
0.085000000894070	-15.969667301860
0.085050001740456	-15.893139661567
0.085100002586842	-15.815669270948
0.085150003433228	-15.737293754323
0.085199996829033	-15.658072706359
0.085249997675419	-15.578066864272
0.085299998521805	-15.497354713901
0.085349999368191	-15.416022807121
0.085400000214577	-15.334163558006
0.085450001060963	-15.251880751950
0.085500001907349	-15.169277715812
0.085550002753735	-15.086465942113
0.085600003600121	-15.003559689696
0.085649996995926	-14.920669451225
0.085699997842312	-14.837908552145
0.085749998688698	-14.755388899368
0.085799999535084	-14.673215491955
0.085850000381470	-14.591487366746
0.085900001227856	-14.510303503713
0.085950002074242	-14.429746017853
0.086000002920628	-14.349895036316
0.086049996316433	-14.270819394980
0.086099997162819	-14.192573863601
0.086149998009205	-14.115204489907
0.086199998855591	-14.038746370474
0.086249999701977	-13.963217088981
0.086300000548363	-13.888626270408
0.086350001394749	-13.814963779103
0.086400002241135	-13.742214698020
0.086450003087521	-13.670340720712
0.086499996483326	-13.599294662622
0.086549997329712	-13.529016622624
0.086599998176098	-13.459429214635
0.086649999022484	-13.390448992711
0.086699999868870	-13.321974412592
0.086750000715256	-13.253896020675
0.086800001561642	-13.186093917217
0.086850002408028	-13.118439043842
0.086900003254414	-13.050796197392
0.086949996650219	-12.983019829078
0.086999997496605	-12.914964225061
0.087049998342991	-12.846480329469
0.087099999189377	-12.777414433262
0.087150000035763	-12.707620712493
0.087200000882149	-12.636948936546
0.087250001728535	-12.565260848264
0.087300002574921	-12.492420274475
0.087350003421307	-12.418304081380
0.087399996817112	-12.342799190615
0.087449997663498	-12.265807569576
0.087499998509884	-12.187241802721
0.087549999356270	-12.107038831488
0.087600000202656	-12.025145944241
0.087650001049042	-11.941537588356
0.087700001895428	-11.856201412249
0.087750002741814	-11.769153960159
0.087800003588200	-11.680424582165
0.087849996984005	-11.590068080355
0.087899997830391	-11.498160767607
0.087949998676777	-11.404798955468
0.087999999523163	-11.310096330206
0.088050000369549	-11.214186870294
0.088100001215935	-11.117219855244
0.088150002062321	-11.019360829367
0.088200002908707	-10.920786126030
0.088249996304512	-10.821689383285
0.088299997150898	-10.722267854198
0.088349997997284	-10.622730985194
0.088399998843670	-10.523289211053
0.088449999690056	-10.424166138694
0.088500000536442	-10.325576885049
0.088550001382828	-10.227744222383
0.088600002229214	-10.130888853961
0.088650003075600	-10.035227471868
0.088699996471405	-9.9409732499560
0.088749997317791	-9.8483356807485
0.088799998164177	-9.7575186712828
0.088849999010563	-9.6687154797735
0.088899999856949	-9.5821167911937
0.088950000703335	-9.4978996966547
0.089000001549721	-9.4162374466495
0.089050002396107	-9.3372892067065
0.089100003242493	-9.2612057263184
0.089149996638298	-9.1881296696005
0.089199997484684	-9.1181908322040
0.089249998331070	-9.0515086413757
0.089299999177456	-8.9881910206410
0.089350000023842	-8.9283363084014
0.089400000870228	-8.8720313810742
0.089450001716614	-8.8193511261463
0.089500002563000	-8.7703597402264
0.089550003409386	-8.7251084283012
0.089599996805191	-8.6836399467268
0.089649997651577	-8.6459826851128
0.089699998497963	-8.6121539504035
0.089749999344349	-8.5821573079394
0.089800000190735	-8.5559886824378
0.089850001037121	-8.5336260575773
0.089900001883507	-8.5150379245175
0.089950002729893	-8.5001807140627
0.090000003576279	-8.4889929668974
0.090049996972084	-8.4814050086939
0.090099997818470	-8.4773297523671
0.090149998664856	-8.4766659106542
0.090199999511242	-8.4793001189599
0.090250000357628	-8.4851034017482
0.090300001204014	-8.4939279547060
0.090350002050400	-8.5056144320379
0.090400002896786	-8.5199883009476
0.090449996292591	-8.5368549971188
0.090499997138977	-8.5560093931317
0.090549997985363	-8.5772283733777
0.090599998831749	-8.6002721713769
0.090649999678135	-8.6248900983320
0.090700000524521	-8.6508159778235
0.090750001370907	-8.6777678723587
0.090800002217293	-8.7054564951438
0.090850003063679	-8.7335802359647
0.090899996459484	-8.7618268581359
0.090949997305870	-8.7898836777002
0.090999998152256	-8.8174287572595
0.091049998998642	-8.8441416120571
0.091099999845028	-8.8697043063938
0.091150000691414	-8.8938030321417
0.091200001537800	-8.9161324324671
0.091250002384186	-8.9364017836480
0.091300003230572	-8.9543362770585
0.091349996626377	-8.9696812295333
0.091399997472763	-8.9822035479199
0.091449998319149	-8.9917002158097
0.091499999165535	-8.9979975100230
0.091550000011921	-9.0009551172425
0.091600000858307	-9.0004665763095
0.091650001704693	-8.9964646730633
0.091700002551079	-8.9889205930133
0.091750003397465	-8.9778387107600
0.091799996793270	-8.9632687915755
0.091849997639656	-8.9452913813027
0.091899998486042	-8.9240240661344
0.091949999332428	-8.8996212814459
0.092000000178814	-8.8722598209493
0.092050001025200	-8.8421519693005
0.092100001871586	-8.8095278006016
0.092150002717972	-8.7746386541231
0.092200003564358	-8.7377550023416
0.092249996960163	-8.6991536855725
0.092299997806549	-8.6591234825061
0.092349998652935	-8.6179559318564
0.092399999499321	-8.5759456809160
0.092450000345707	-8.5333820466046
0.092500001192093	-8.4905544243219
0.092550002038479	-8.4477380791267
0.092600002884865	-8.4052021012515
0.092649996280670	-8.3632021955936
0.092699997127056	-8.3219814832816
0.092749997973442	-8.2817661786110
0.092799998819828	-8.2427671111637
0.092849999666214	-8.2051774542118
0.092900000512600	-8.1691750747367
0.092950001358986	-8.1349134922541
0.093000002205372	-8.1025345061924
0.093050003051758	-8.0721560661383
0.093099996447563	-8.0438817668248
0.093149997293949	-8.0177930362852
0.093199998140335	-7.9939542131054
0.093249998986721	-7.9724120316836
0.093299999833107	-7.9531958611252
0.093350000679493	-7.9363175609083
0.093400001525879	-7.9217715516668
0.093450002372265	-7.9095350415059
0.093500003218651	-7.8995712290554
0.093549996614456	-7.8918295395165
0.093599997460842	-7.8862420392889
0.093649998307228	-7.8827294660427
0.093699999153614	-7.8811961796849
0.093750000000000	-7.8815399426947
0.093800000846386	-7.8836409601010
0.093850001692772	-7.8873759898047
0.093900002539158	-7.8926081845236
0.093950003385544	-7.8991912828230
0.093999996781349	-7.9069771543705
0.094049997627735	-7.9158101096332
0.094099998474121	-7.9255274508833
0.094149999320507	-7.9359680291431
0.094200000166893	-7.9469663494082
0.094250001013279	-7.9583594924035
0.094300001859665	-7.9699854621139
0.094350002706051	-7.9816863935007
0.094400003552437	-7.9933065520905
0.094449996948242	-8.0047008577509
0.094499997794628	-8.0157303393200
0.094549998641014	-8.0262680747422
0.094599999487400	-8.0361943427828
0.094650000333786	-8.0454055967744
0.094700001180172	-8.0538097893140
0.094750002026558	-8.0613286868264
0.094800002872944	-8.0679002981150
0.094850003719330	-8.0734796838757
0.094899997115135	-8.0780333881592
0.094949997961521	-8.0815465391486
0.094999998807907	-8.0840218303909
0.095049999654293	-8.0854725121029
0.095100000500679	-8.0859301196628
0.095150001347065	-8.0854373110986
0.095200002193451	-8.0840524412266
0.095250003039837	-8.0818401635943
0.095299996435642	-8.0788794849386
0.095349997282028	-8.0752550765721
0.095399998128414	-8.0710605450770
0.095449998974800	-8.0663910236521
0.095499999821186	-8.0613471917976
0.095550000667572	-8.0560330448388
0.095600001513958	-8.0505466011394
0.095650002360344	-8.0449900012611
0.095700003206730	-8.0394604482013
0.095749996602535	-8.0340457129612
0.095799997448921	-8.0288324430669
0.095849998295307	-8.0238995463584
0.095899999141693	-8.0193111822203
0.095949999988079	-8.0151276237685
0.096000000834465	-8.0113971730442
0.096050001680851	-8.0081517891791
0.096100002527237	-8.0054162943165
0.096150003373623	-8.0032007452509
0.096199996769428	-8.0015026311582
0.096249997615814	-8.0003026477743
0.096299998462200	-7.9995738007790
0.096349999308586	-7.9992705148257
0.096400000154972	-7.9993388266920
0.096450001001358	-7.9997068131563
0.096500001847744	-8.0002963786007
0.096550002694130	-8.0010146962284
0.096600003540516	-8.0017608333661
0.096649996936321	-8.0024228225205
0.096699997782707	-8.0028817919949
0.096749998629093	-8.0030118958069
0.096799999475479	-8.0026840920682
0.096850000321865	-8.0017649612080
0.096900001168251	-8.0001219163917
0.096950002014637	-7.9976187189531
0.097000002861023	-7.9941254083424
0.097050003707409	-7.9895141209687
0.097099997103214	-7.9836623233534
0.097149997949600	-7.9764607933662
0.097199998795986	-7.9678034241228
0.097249999642372	-7.9576008643625
0.097300000488758	-7.9457761210193
0.097350001335144	-7.9322652681429
0.097400002181530	-7.9170197937834
0.097450003027916	-7.9000103564095
0.097499996423721	-7.8812204630752
0.097549997270107	-7.8606591161362
0.097599998116493	-7.8383434302430
0.097649998962879	-7.8143135085205
0.097699999809265	-7.7886274356271
0.097750000655651	-7.7613552518171
0.097800001502037	-7.7325845918719
0.097850002348423	-7.7024160641165
0.097900003194809	-7.6709635222252
0.097949996590614	-7.6383517099900
0.097999997437000	-7.6047134896836
0.098049998283386	-7.5701859593029
0.098099999129772	-7.5349194481115
0.098149999976158	-7.4990574787269
0.098200000822544	-7.4627556217568
0.098250001668930	-7.4261589971984
0.098300002515316	-7.3894186075678
0.098350003361702	-7.3526770580202
0.098399996757507	-7.3160742387275
0.098449997603893	-7.2797395308783
0.098499998450279	-7.2437985156615
0.098549999296665	-7.2083635368155
0.098600000143051	-7.1735431630757
0.098650000989437	-7.1394265583295
0.098700001835823	-7.1060956705757
0.098750002682209	-7.0736193895643
0.098800003528595	-7.0420530340688
0.098849996924400	-7.0114381989103
0.098899997770786	-6.9818063319973
0.098949998617172	-6.9531708017353
0.098999999463558	-6.9255368862244
0.099050000309944	-6.8988898512496
0.099100001156330	-6.8732084508645
0.099150002002716	-6.8484545565210
0.099200002849102	-6.8245839907229
0.099250003695488	-6.8015368667590
0.099299997091293	-6.7792418007889
0.099349997937679	-6.7576234924926
0.099399998784065	-6.7365943160477
0.099449999630451	-6.7160593836697
0.099500000476837	-6.6959218503621
0.099550001323223	-6.6760774018628
0.099600002169609	-6.6564157184154
0.099650003015995	-6.6368318617544
0.099699996411800	-6.6172127469450
0.099749997258186	-6.5974542950475
0.099799998104572	-6.5774466180991
0.099849998950958	-6.5570931418443
0.099899999797344	-6.5362976046733
0.099950000643730	-6.5149698892552
0.10000000149012	-6.4930340808456
