#Parameters = {ApertureA=7300; ApertureB=6000; Horn_Height=7300; ProbeHeight=1333; ProbeL=2000; ProbeR=23.5; ProbeRin=69.2; ProbeRout=72; R=10000; Thickness=3; WGH=3200; WGL=3000; WGW=2000}
#"Frequency / GHz"	"S1,1 [Magnitude / dB]"
#-----------------------------------------
0.050000000745058	-3.4613979997996
0.050050001591444	-3.5080445864143
0.050099998712540	-3.5555612736781
0.050149999558926	-3.6039489928138
0.050200000405312	-3.6532061117175
0.050250001251698	-3.7033360935465
0.050299998372793	-3.7543351533293
0.050349999219179	-3.8062018792578
0.050400000065565	-3.8589344519680
0.050450000911951	-3.9125248985930
0.050500001758337	-3.9669685396971
0.050549998879433	-4.0222621647094
0.050599999725819	-4.0784006284311
0.050650000572205	-4.1353769693087
0.050700001418591	-4.1931843892336
0.050749998539686	-4.2518198592907
0.050799999386072	-4.3112790013714
0.050850000232458	-4.3715567610962
0.050900001078844	-4.4326514439259
0.050949998199940	-4.4945604551615
0.050999999046326	-4.5572842134847
0.051049999892712	-4.6208231711757
0.051100000739098	-4.6851784182172
0.051150001585484	-4.7503542439738
0.051199998706579	-4.8163588612379
0.051249999552965	-4.8831948881272
0.051300000399351	-4.9508746194513
0.051350001245737	-5.0194069851402
0.051399998366833	-5.0888075555210
0.051449999213219	-5.1590844623674
0.051500000059605	-5.2302588143282
0.051550000905991	-5.3023466056680
0.051600001752377	-5.3753633771987
0.051649998873472	-5.4493348000180
0.051699999719858	-5.5242770615503
0.051750000566244	-5.6002144145088
0.051800001412630	-5.6771708005076
0.051849998533726	-5.7551681828423
0.051899999380112	-5.8342316674902
0.051950000226498	-5.9143861280307
0.052000001072884	-5.9956542939004
0.052049998193979	-6.0780611098065
0.052099999040365	-6.1616323583973
0.052149999886751	-6.2463868118108
0.052200000733137	-6.3323487258234
0.052250001579523	-6.4195368697082
0.052299998700619	-6.5079713667206
0.052349999547005	-6.5976680299183
0.052400000393391	-6.6886407577854
0.052450001239777	-6.7809042452172
0.052499998360872	-6.8744680767378
0.052549999207258	-6.9693352409951
0.052600000053644	-7.0655143504492
0.052650000900030	-7.1630022368462
0.052700001746416	-7.2617966268675
0.052749998867512	-7.3618918388128
0.052799999713898	-7.4632747370820
0.052850000560284	-7.5659319398655
0.052900001406670	-7.6698435555437
0.052949998527765	-7.7749842336935
0.052999999374151	-7.8813277402074
0.053050000220537	-7.9888408173569
0.053100001066923	-8.0974846000088
0.053149998188019	-8.2072193585530
0.053199999034405	-8.3179961160009
0.053249999880791	-8.4297626288492
0.053300000727177	-8.5424626250957
0.053350001573563	-8.6560351335481
0.053399998694658	-8.7704141889136
0.053449999541044	-8.8855287623448
0.053500000387430	-9.0013029780614
0.053550001233816	-9.1176596433810
0.053599998354912	-9.2345124059224
0.053649999201298	-9.3517778027410
0.053700000047684	-9.4693606604828
0.053750000894070	-9.5871678589011
0.053800001740456	-9.7051009799524
0.053849998861551	-9.8230601132355
0.053899999707937	-9.9409407331407
0.053950000554323	-10.058638191269
0.054000001400709	-10.176042045868
0.054049998521805	-10.293043397582
0.054099999368191	-10.409530268243
0.054150000214577	-10.525388833193
0.054200001060963	-10.640508694804
0.054249998182058	-10.754771614275
0.054299999028444	-10.868064733366
0.054349999874830	-10.980272517814
0.054400000721216	-11.091280893386
0.054450001567602	-11.200974648542
0.054499998688698	-11.309240910656
0.054549999535084	-11.415964944286
0.054600000381470	-11.521035408265
0.054650001227856	-11.624342293929
0.054699998348951	-11.725773447985
0.054749999195337	-11.825220785940
0.054800000041723	-11.922579486249
0.054850000888109	-12.017742170799
0.054900001734495	-12.110603733658
0.054949998855591	-12.201064152669
0.054999999701977	-12.289022341923
0.055050000548363	-12.374380775934
0.055100001394749	-12.457044597727
0.055149998515844	-12.536919204451
0.055199999362230	-12.613916350622
0.055250000208616	-12.687949003628
0.055300001055002	-12.758932904667
0.055349998176098	-12.826790672698
0.055399999022484	-12.891446992016
0.055449999868870	-12.952831713153
0.055500000715256	-13.010882833662
0.055550001561642	-13.065541289642
0.055599998682737	-13.116757167965
0.055649999529123	-13.164486298212
0.055700000375509	-13.208695264826
0.055750001221895	-13.249355394686
0.055799998342991	-13.286449754587
0.055849999189377	-13.319971746516
0.055900000035763	-13.349924138404
0.055950000882149	-13.376320080328
0.056000001728535	-13.399183544369
0.056049998849630	-13.418550535327
0.056099999696016	-13.434468212895
0.056150000542402	-13.446994825777
0.056200001388788	-13.456199749877
0.056249998509884	-13.462161909082
0.056299999356270	-13.464973226914
0.056350000202656	-13.464734228881
0.056400001049042	-13.461552952311
0.056449998170137	-13.455548135581
0.056499999016523	-13.446847483377
0.056549999862909	-13.435580372194
0.056600000709295	-13.421890131200
0.056650001555681	-13.405915264503
0.056699998676777	-13.387808059250
0.056749999523163	-13.367714367398
0.056800000369549	-13.345789088804
0.056850001215935	-13.322183692998
0.056899998337030	-13.297052525367
0.056949999183416	-13.270544626689
0.057000000029802	-13.242811633037
0.057050000876188	-13.213998069882
0.057100001722574	-13.184249957200
0.057149998843670	-13.153702696546
0.057199999690056	-13.122495136442
0.057250000536442	-13.090751926206
0.057300001382828	-13.058598064540
0.057349998503923	-13.026150963408
0.057399999350309	-12.993522614958
0.057450000196695	-12.960813990957
0.057500001043081	-12.928124573601
0.057549998164177	-12.895543944346
0.057599999010563	-12.863159625959
0.057649999856949	-12.831044189461
0.057700000703335	-12.799272229986
0.057750001549721	-12.767907096401
0.057799998670816	-12.737005491692
0.057849999517202	-12.706622777183
0.057900000363588	-12.676804438152
0.057950001209974	-12.647590749566
0.057999998331070	-12.619016808837
0.058049999177456	-12.591117727075
0.058100000023842	-12.563918667371
0.058150000870228	-12.537443286578
0.058200001716614	-12.511708735042
0.058249998837709	-12.486734231414
0.058299999684095	-12.462531554925
0.058350000530481	-12.439110893214
0.058400001376867	-12.416482177003
0.058449998497963	-12.394653535143
0.058499999344349	-12.373626488325
0.058550000190735	-12.353407426150
0.058600001037121	-12.333999993704
0.058649998158216	-12.315407806898
0.058699999004602	-12.297630351257
0.058749999850988	-12.280671707143
0.058800000697374	-12.264535467119
0.058850001543760	-12.249225016380
0.058899998664856	-12.234740871823
0.058949999511242	-12.221090984620
0.059000000357628	-12.208277425934
0.059050001204014	-12.196308705773
0.059099998325109	-12.185189176534
0.059149999171495	-12.174929252877
0.059200000017881	-12.165538513048
0.059250000864267	-12.157024310591
0.059300001710653	-12.149398698566
0.059349998831749	-12.142675992489
0.059399999678135	-12.136866212464
0.059450000524521	-12.131983617000
0.059500001370907	-12.128044586834
0.059549998492002	-12.125062695889
0.059599999338388	-12.123055800675
0.059650000184774	-12.122036443548
0.059700001031160	-12.122022820275
0.059749998152256	-12.123031675571
0.059799998998642	-12.125079189410
0.059849999845028	-12.128181216884
0.059900000691414	-12.132353760993
0.059950001537800	-12.137610292357
0.059999998658895	-12.143968239218
0.060049999505281	-12.151440076565
0.060100000351667	-12.160040338640
0.060150001198053	-12.169779722090
0.060199998319149	-12.180671996406
0.060249999165535	-12.192723542058
0.060300000011921	-12.205948042453
0.060350000858307	-12.220351473459
0.060400001704693	-12.235939112292
0.060449998825788	-12.252717483075
0.060499999672174	-12.270691309439
0.060550000518560	-12.289864487290
0.060600001364946	-12.310236542905
0.060649998486042	-12.331809144757
0.060699999332428	-12.354581761025
0.060750000178814	-12.378553771794
0.060800001025200	-12.403721037454
0.060849998146296	-12.430083774856
0.060899998992682	-12.457633491611
0.060949999839067	-12.486370690710
0.061000000685453	-12.516286335663
0.061050001531839	-12.547378023484
0.061099998652935	-12.579638918077
0.061149999499321	-12.613065140945
0.061200000345707	-12.647652390584
0.061250001192093	-12.683393376387
0.061299998313189	-12.720285522324
0.061349999159575	-12.758327643231
0.061400000005960	-12.797514714970
0.061450000852346	-12.837848133354
0.061500001698732	-12.879325661583
0.061549998819828	-12.921948051071
0.061599999666214	-12.965719422291
0.061650000512600	-13.010645985925
0.061700001358986	-13.056731178544
0.061749998480082	-13.103985230052
0.061799999326468	-13.152417732997
0.061850000172853	-13.202040428678
0.061900001019239	-13.252868420398
0.061949998140335	-13.304917816054
0.061999998986721	-13.358205100899
0.062049999833107	-13.412755659874
0.062100000679493	-13.468589053033
0.062150001525879	-13.525730331102
0.062199998646975	-13.584208695094
0.062249999493361	-13.644051043505
0.062300000339746	-13.705288807238
0.062350001186132	-13.767956963821
0.062399998307228	-13.832088313527
0.062449999153614	-13.897719331134
0.062500000000000	-13.964888375477
0.062550000846386	-14.033634321706
0.062600001692772	-14.103997123487
0.062650002539158	-14.176018579881
0.062700003385544	-14.249740448132
0.062749996781349	-14.325206176994
0.062799997627735	-14.402458134822
0.062849998474121	-14.481541422618
0.062899999320507	-14.562499478050
0.062950000166893	-14.645377432020
0.063000001013279	-14.730219202476
0.063050001859665	-14.817069673568
0.063100002706051	-14.905970227410
0.063150003552437	-14.996966783286
0.063199996948242	-15.090101999573
0.063249997794628	-15.185417861107
0.063299998641014	-15.282955317811
0.063349999487400	-15.382758175309
0.063400000333786	-15.484863916533
0.063450001180172	-15.589312962491
0.063500002026558	-15.696147155643
0.063550002872944	-15.805403569850
0.063600003719330	-15.917118078537
0.063649997115135	-16.031332651251
0.063699997961521	-16.148079761217
0.063749998807907	-16.267400761496
0.063799999654293	-16.389329849140
0.063850000500679	-16.513906984425
0.063900001347065	-16.641167296932
0.063950002193451	-16.771152589197
0.064000003039837	-16.903899477945
0.064049996435642	-17.039451155902
0.064099997282028	-17.177848744725
0.064149998128414	-17.319137845631
0.064199998974800	-17.463365960519
0.064249999821186	-17.610582054591
0.064300000667572	-17.760841441704
0.064350001513958	-17.914201917368
0.064400002360344	-18.070723937451
0.064450003206730	-18.230475792386
0.064499996602535	-18.393529061622
0.064549997448921	-18.559962088648
0.064599998295307	-18.729862508545
0.064649999141693	-18.903320182823
0.064699999988079	-19.080437954209
0.064750000834465	-19.261323296008
0.064800001680851	-19.446094128073
0.064850002527237	-19.634878459773
0.064900003373623	-19.827813938826
0.064949996769428	-20.025048835189
0.064999997615814	-20.226743278079
0.065049998462200	-20.433066794776
0.065099999308586	-20.644203028732
0.065150000154972	-20.860345196382
0.065200001001358	-21.081700240300
0.065250001847744	-21.308487255915
0.065300002694130	-21.540932962823
0.065350003540516	-21.779277195446
0.065399996936321	-22.023767841365
0.065449997782707	-22.274661069047
0.065499998629093	-22.532215980128
0.065549999475479	-22.796694206988
0.065600000321865	-23.068352531299
0.065650001168251	-23.347441378680
0.065700002014637	-23.634189092951
0.065750002861023	-23.928800765601
0.065800003707409	-24.231433983230
0.065849997103214	-24.542194548876
0.065899997949600	-24.861099134501
0.065949998795986	-25.188056887642
0.065999999642372	-25.522829976710
0.066050000488758	-25.864980981517
0.066100001335144	-26.213823282976
0.066150002181530	-26.568343596603
0.066200003027916	-26.927114926904
0.066249996423721	-27.288201191341
0.066299997270107	-27.649029914671
0.066349998116493	-28.006283866716
0.066399998962879	-28.355775838723
0.066449999809265	-28.692363316340
0.066500000655651	-29.009921416600
0.066550001502037	-29.301408258002
0.066600002348423	-29.559099816793
0.066650003194809	-29.774987954946
0.066699996590614	-29.941378610679
0.066749997437000	-30.051640707557
0.066799998283386	-30.100965115284
0.066849999129772	-30.087001951984
0.066899999976158	-30.010182936684
0.066950000822544	-29.873672774027
0.067000001668930	-29.682932605563
0.067050002515316	-29.445033709567
0.067100003361702	-29.167879800677
0.067149996757507	-28.859502250702
0.067199997603893	-28.527513924858
0.067249998450279	-28.178751845625
0.067299999296665	-27.819107508774
0.067350000143051	-27.453486336933
0.067400000989437	-27.085856406908
0.067450001835823	-26.719350628972
0.067500002682209	-26.356381625347
0.067550003528595	-25.998769460157
0.067599996924400	-25.647843543106
0.067649997770786	-25.304548032857
0.067699998617172	-24.969519914399
0.067749999463558	-24.643158991733
0.067800000309944	-24.325680692641
0.067850001156330	-24.017162232632
0.067900002002716	-23.717574309130
0.067950002849102	-23.426809559488
0.068000003695488	-23.144703876731
0.068049997091293	-22.871049487830
0.068099997937679	-22.605614790239
0.068149998784065	-22.348145836271
0.068199999630451	-22.098381322915
0.068250000476837	-21.856048848180
0.068300001323223	-21.620880485096
0.068350002169609	-21.392606178116
0.068400003015995	-21.170963268418
0.068449996411800	-20.955693975777
0.068499997258186	-20.746548643834
0.068549998104572	-20.543286437952
0.068599998950958	-20.345673399624
0.068649999797344	-20.153489233468
0.068700000643730	-19.966518824273
0.068750001490116	-19.784560829311
0.068800002336502	-19.607421315956
0.068850003182888	-19.434918574637
0.068899996578693	-19.266878909823
0.068949997425079	-19.103137493967
0.068999998271465	-18.943541266008
0.069049999117851	-18.787943710224
0.069099999964237	-18.636209246710
0.069150000810623	-18.488210059199
0.069200001657009	-18.343826550004
0.069250002503395	-18.202945919174
0.069300003349781	-18.065466296342
0.069349996745586	-17.931289345640
0.069399997591972	-17.800324975132
0.069449998438358	-17.672489877684
0.069499999284744	-17.547707302783
0.069550000131130	-17.425908651365
0.069600000977516	-17.307026391890
0.069650001823902	-17.191000593806
0.069700002670288	-17.077776183879
0.069750003516674	-16.967302661506
0.069799996912479	-16.859532736633
0.069849997758865	-16.754425158061
0.069899998605251	-16.651940293629
0.069949999451637	-16.552043334794
0.070000000298023	-16.454700331316
0.070050001144409	-16.359882159485
0.070100001990795	-16.267560455206
0.070150002837181	-16.177708763849
0.070200003683567	-16.090305353553
0.070249997079372	-16.005326473342
0.070299997925758	-15.922751503835
0.070349998772144	-15.842561445076
0.070399999618530	-15.764735955772
0.070450000464916	-15.689258965490
0.070500001311302	-15.616111769478
0.070550002157688	-15.545277160637
0.070600003004074	-15.476738300669
0.070649996399879	-15.410478440605
0.070699997246265	-15.346480844520
0.070749998092651	-15.284730188004
0.070799998939037	-15.225207609842
0.070849999785423	-15.167896153705
0.070900000631809	-15.112779429654
0.070950001478195	-15.059840182805
0.071000002324581	-15.009057911954
0.071050003170967	-14.960415371475
0.071099996566772	-14.913895466311
0.071149997413158	-14.869476850978
0.071199998259544	-14.827141026040
0.071249999105930	-14.786870001149
0.071299999952316	-14.748640611385
0.071350000798702	-14.712434567846
0.071400001645088	-14.678233421050
0.071450002491474	-14.646011359400
0.071500003337860	-14.615753937219
0.071549996733665	-14.587438037701
0.071599997580051	-14.561044840227
0.071649998426437	-14.536552172182
0.071699999272823	-14.513942581662
0.071750000119209	-14.493196238715
0.071800000965595	-14.474292843635
0.071850001811981	-14.457217761359
0.071900002658367	-14.441949321647
0.071950003504753	-14.428470833930
0.071999996900558	-14.416767799758
0.072049997746944	-14.406824173113
0.072099998593330	-14.398623983484
0.072149999439716	-14.392152337329
0.072200000286102	-14.387398425781
0.072250001132488	-14.384349091444
0.072300001978874	-14.382993612816
0.072350002825260	-14.383321202494
0.072400003671646	-14.385321931910
0.072449997067451	-14.388989445674
0.072499997913837	-14.394313258266
0.072549998760223	-14.401290152913
0.072599999606609	-14.409912487680
0.072650000452995	-14.420177705293
0.072700001299381	-14.432079410979
0.072750002145767	-14.445615779483
0.072800002992153	-14.460785376295
0.072849996387959	-14.477582570365
0.072899997234344	-14.496012374742
0.072949998080730	-14.516067947190
0.072999998927116	-14.537753752802
0.073049999773502	-14.561064610249
0.073100000619888	-14.586006835053
0.073150001466274	-14.612574675416
0.073200002312660	-14.640772997035
0.073250003159046	-14.670600201607
0.073299996554852	-14.702054941933
0.073349997401237	-14.735140024284
0.073399998247623	-14.769853170532
0.073449999094009	-14.806193996674
0.073499999940395	-14.844159616626
0.073550000786781	-14.883748826642
0.073600001633167	-14.924960866092
0.073650002479553	-14.967789658343
0.073700003325939	-15.012233783690
0.073749996721745	-15.058288005417
0.073799997568130	-15.105945216378
0.073849998414516	-15.155200253116
0.073899999260902	-15.206045394667
0.073950000107288	-15.258475049395
0.074000000953674	-15.312480983504
0.074050001800060	-15.368050738782
0.074100002646446	-15.425176984932
0.074150003492832	-15.483848949550
0.074199996888638	-15.544056502723
0.074249997735023	-15.605791036894
0.074299998581409	-15.669036464873
0.074349999427795	-15.733785917322
0.074400000274181	-15.800026292317
0.074450001120567	-15.867746190689
0.074500001966953	-15.936936285505
0.074550002813339	-16.007586976369
0.074600003659725	-16.079688242696
0.074649997055531	-16.153231648135
0.074699997901917	-16.228210284800
0.074749998748302	-16.304616351941
0.074799999594688	-16.382447276230
0.074850000441074	-16.461699056720
0.074900001287460	-16.542372379290
0.074950002133846	-16.624462849599
0.075000002980232	-16.707979440509
0.075049996376038	-16.792921392477
0.075099997222424	-16.879299293259
0.075149998068810	-16.967121814452
0.075199998915195	-17.056400714685
0.075249999761581	-17.147152331688
0.075300000607967	-17.239392361552
0.075350001454353	-17.333142000162
0.075400002300739	-17.428422151555
0.075450003147125	-17.525257924072
0.075499996542931	-17.623676973053
0.075549997389317	-17.723710581710
0.075599998235703	-17.825388464640
0.075649999082088	-17.928745661448
0.075699999928474	-18.033816776090
0.075750000774860	-18.140640561670
0.075800001621246	-18.249252317575
0.075850002467632	-18.359692753335
0.075900003314018	-18.472001688988
0.075949996709824	-18.586217346036
0.075999997556210	-18.702378567618
0.076049998402596	-18.820525731641
0.076099999248981	-18.940695158309
0.076150000095367	-19.062920911213
0.076200000941753	-19.187236589144
0.076250001788139	-19.313673946234
0.076300002634525	-19.442256033430
0.076350003480911	-19.573006963850
0.076399996876717	-19.705942663275
0.076449997723103	-19.841076795216
0.076499998569489	-19.978414868345
0.076549999415874	-20.117954163484
0.076600000262260	-20.259687777861
0.076650001108646	-20.403596291216
0.076700001955032	-20.549653864507
0.076750002801418	-20.697825262761
0.076800003647804	-20.848062777950
0.076849997043610	-21.000310324117
0.076899997889996	-21.154493901750
0.076949998736382	-21.310532396163
0.076999999582767	-21.468330828006
0.077050000429153	-21.627776334508
0.077100001275539	-21.788744636359
0.077150002121925	-21.951095918051
0.077200002968311	-22.114675808101
0.077249996364117	-22.279307910272
0.077299997210503	-22.444810158621
0.077349998056889	-22.610975056577
0.077399998903275	-22.777582980867
0.077449999749660	-22.944399375880
0.077500000596046	-23.111170824969
0.077550001442432	-23.277632559691
0.077600002288818	-23.443500095307
0.077650003135204	-23.608480401695
0.077699996531010	-23.772268800673
0.077749997377396	-23.934545911912
0.077799998223782	-24.094983662217
0.077849999070168	-24.253248797940
0.077899999916553	-24.408997222284
0.077950000762939	-24.561885023027
0.078000001609325	-24.711562222960
0.078050002455711	-24.857684739388
0.078100003302097	-24.999899327766
0.078149996697903	-25.137866169027
0.078199997544289	-25.271244942245
0.078249998390675	-25.399703173913
0.078299999237061	-25.522915293511
0.078350000083447	-25.640567182290
0.078400000929832	-25.752348808316
0.078450001776218	-25.857968596341
0.078500002622604	-25.957142272246
0.078550003468990	-26.049594492324
0.078599996864796	-26.135068510157
0.078649997711182	-26.213313825679
0.078699998557568	-26.284097311862
0.078749999403954	-26.347197283300
0.078800000250340	-26.402408155929
0.078850001096725	-26.449538706317
0.078900001943111	-26.488416587099
0.078950002789497	-26.518885021193
0.079000003635883	-26.540815044434
0.079049997031689	-26.554096787143
0.079099997878075	-26.558647324783
0.079149998724461	-26.554417950799
0.079199999570847	-26.541389778223
0.079250000417233	-26.519580928460
0.079300001263618	-26.489047799085
0.079350002110004	-26.449890262574
0.079400002956390	-26.402246923593
0.079449996352196	-26.346305032300
0.079499997198582	-26.282291920289
0.079549998044968	-26.210481449774
0.079599998891354	-26.131185315845
0.079649999737740	-26.044758316019
0.079700000584126	-25.951589408727
0.079750001430511	-25.852099146392
0.079800002276897	-25.746734424968
0.079850003123283	-25.635964502369
0.079899996519089	-25.520276554203
0.079949997365475	-25.400168267063
0.079999998211861	-25.276141502651
0.080049999058247	-25.148699297946
0.080099999904633	-25.018341495541
0.080150000751019	-24.885556460164
0.080200001597404	-24.750819956177
0.080250002443790	-24.614590634802
0.080300003290176	-24.477307998395
0.080349996685982	-24.339387262594
0.080399997532368	-24.201220009843
0.080449998378754	-24.063170367866
0.080499999225140	-23.925573900742
0.080550000071526	-23.788741970097
0.080600000917912	-23.652953720896
0.080650001764297	-23.518459373440
0.080700002610683	-23.385482356466
0.080750003457069	-23.254216411862
0.080799996852875	-23.124829756798
0.080849997699261	-22.997462283053
0.080899998545647	-22.872228080357
0.080949999392033	-22.749218078630
0.081000000238419	-22.628496974657
0.081050001084805	-22.510107803331
0.081100001931190	-22.394074374595
0.081150002777576	-22.280396577275
0.081200003623962	-22.169059114139
0.081249997019768	-22.060025560534
0.081299997866154	-21.953246715442
0.081349998712540	-21.848655499323
0.081399999558926	-21.746172203455
0.081450000405312	-21.645707454095
0.081500001251698	-21.547159365608
0.081550002098083	-21.450417302703
0.081600002944469	-21.355362350519
0.081649996340275	-21.261869559380
0.081699997186661	-21.169812770126
0.081749998033047	-21.079058728001
0.081799998879433	-20.989476897071
0.081849999725819	-20.900932523301
0.081900000572205	-20.813300049944
0.081950001418591	-20.726448087632
0.082000002264977	-20.640256836423
0.082050003111362	-20.554613653908
0.082099996507168	-20.469406214664
0.082149997353554	-20.384539727091
0.082199998199940	-20.299923094903
0.082249999046326	-20.215479293051
0.082299999892712	-20.131139787898
0.082350000739098	-20.046853427888
0.082400001585484	-19.962575400973
0.082450002431870	-19.878277818939
0.082500003278255	-19.793943616793
0.082549996674061	-19.709567248472
0.082599997520447	-19.625158293195
0.082649998366833	-19.540734065877
0.082699999213219	-19.456323998456
0.082750000059605	-19.371968910700
0.082800000905991	-19.287716840566
0.082850001752377	-19.203623899503
0.082900002598763	-19.119750403463
0.082950003445148	-19.036164914493
0.082999996840954	-18.952937318126
0.083049997687340	-18.870140648717
0.083099998533726	-18.787850372752
0.083149999380112	-18.706136610377
0.083200000226498	-18.625072412893
0.083250001072884	-18.544727186362
0.083300001919270	-18.465162364489
0.083350002765656	-18.386436395041
0.083400003612041	-18.308601764383
0.083449997007847	-18.231700925646
0.083499997854233	-18.155771758011
0.083549998700619	-18.080838359190
0.083599999547005	-18.006917002904
0.083650000393391	-17.934013855964
0.083700001239777	-17.862125209698
0.083750002086163	-17.791234186782
0.083800002932549	-17.721314947750
0.083849996328354	-17.652330884582
0.083899997174740	-17.584229229033
0.083949998021126	-17.516954388283
0.083999998867512	-17.450435260793
0.084049999713898	-17.384591973049
0.084100000560284	-17.319336940111
0.084150001406670	-17.254575506453
0.084200002253056	-17.190203613508
0.084250003099442	-17.126112344614
0.084299996495247	-17.062188655818
0.084349997341633	-16.998311648479
0.084399998188019	-16.934365560185
0.084449999034405	-16.870229978676
0.084499999880791	-16.805785380367
0.084550000727177	-16.740915721735
0.084600001573563	-16.675509206504
0.084650002419949	-16.609457452014
0.084700003266335	-16.542665546597
0.084749996662140	-16.475040699024
0.084799997508526	-16.406504196713
0.084849998354912	-16.336986433496
0.084899999201298	-16.266432670559
0.084950000047684	-16.194796265250
0.085000000894070	-16.122054972575
0.085050001740456	-16.048188734921
0.085100002586842	-15.973200854498
0.085150003433228	-15.897104963578
0.085199996829033	-15.819933426224
0.085249997675419	-15.741724698187
0.085299998521805	-15.662541381729
0.085349999368191	-15.582450406753
0.085400000214577	-15.501531299784
0.085450001060963	-15.419875618092
0.085500001907349	-15.337581792471
0.085550002753735	-15.254758048724
0.085600003600121	-15.171514946149
0.085649996995926	-15.087966560462
0.085699997842312	-15.004232612422
0.085749998688698	-14.920430589448
0.085799999535084	-14.836679434002
0.085850000381470	-14.753088750281
0.085900001227856	-14.669770953128
0.085950002074242	-14.586828727068
0.086000002920628	-14.504359729017
0.086049996316433	-14.422450346281
0.086099997162819	-14.341178187284
0.086149998009205	-14.260612721901
0.086199998855591	-14.180805498740
0.086249999701977	-14.101803347227
0.086300000548363	-14.023633298200
0.086350001394749	-13.946310245626
0.086400002241135	-13.869839741890
0.086450003087521	-13.794204774796
0.086499996483326	-13.719382178915
0.086549997329712	-13.645327114418
0.086599998176098	-13.571985684640
0.086649999022484	-13.499288524034
0.086699999868870	-13.427153455217
0.086750000715256	-13.355484351237
0.086800001561642	-13.284173268770
0.086850002408028	-13.213104823113
0.086900003254414	-13.142152237386
0.086949996650219	-13.071180344077
0.086999997496605	-13.000047364411
0.087049998342991	-12.928609168603
0.087099999189377	-12.856717017909
0.087150000035763	-12.784219933512
0.087200000882149	-12.710970706809
0.087250001728535	-12.636824553837
0.087300002574921	-12.561643509106
0.087350003421307	-12.485296567175
0.087399996817112	-12.407662356350
0.087449997663498	-12.328630304990
0.087499998509884	-12.248107725467
0.087549999356270	-12.166017025233
0.087600000202656	-12.082294990077
0.087650001049042	-11.996900562492
0.087700001895428	-11.909813863354
0.087750002741814	-11.821031602309
0.087800003588200	-11.730578559319
0.087849996984005	-11.638496133763
0.087899997830391	-11.544848221801
0.087949998676777	-11.449722916803
0.087999999523163	-11.353226548327
0.088050000369549	-11.255483986871
0.088100001215935	-11.156642096290
0.088150002062321	-11.056858695891
0.088200002908707	-10.956313155045
0.088249996304512	-10.855192504351
0.088299997150898	-10.753697296080
0.088349997997284	-10.652038774808
0.088399998843670	-10.550433898931
0.088449999690056	-10.449106118867
0.088500000536442	-10.348279281857
0.088550001382828	-10.248183667415
0.088600002229214	-10.149046191492
0.088650003075600	-10.051091970026
0.088699996471405	-9.9545461895677
0.088749997317791	-9.8596236051191
0.088799998164177	-9.7665411916331
0.088849999010563	-9.6755019448111
0.088899999856949	-9.5867075012867
0.088950000703335	-9.5003461854005
0.089000001549721	-9.4165989635075
0.089050002396107	-9.3356383901164
0.089100003242493	-9.2576247131992
0.089149996638298	-9.1827104503623
0.089199997484684	-9.1110339514199
0.089249998331070	-9.0427271699129
0.089299999177456	-8.9779070881068
0.089350000023842	-8.9166785223123
0.089400000870228	-8.8591387396521
0.089450001716614	-8.8053701214213
0.089500002563000	-8.7554445333973
0.089550003409386	-8.7094220262558
0.089599996805191	-8.6673502859613
0.089649997651577	-8.6292637538949
0.089699998497963	-8.5951870829818
0.089749999344349	-8.5651295008504
0.089800000190735	-8.5390892696647
0.089850001037121	-8.5170504876207
0.089900001883507	-8.4989839690839
0.089950002729893	-8.4848480667596
0.090000003576279	-8.4745850520888
0.090049996972084	-8.4681256430663
0.090099997818470	-8.4653823033424
0.090149998664856	-8.4662535729757
0.090199999511242	-8.4706218963199
0.090250000357628	-8.4783570051000
0.090300001204014	-8.4893067258096
0.090350002050400	-8.5033035412312
0.090400002896786	-8.5201679657727
0.090449996292591	-8.5396970699899
0.090499997138977	-8.5616723104529
0.090549997985363	-8.5858606343065
0.090599998831749	-8.6120074669138
0.090649999678135	-8.6398449696718
0.090700000524521	-8.6690890584695
0.090750001370907	-8.6994411948074
0.090800002217293	-8.7305857632858
0.090850003063679	-8.7622011145215
0.090899996459484	-8.7939488642048
0.090949997305870	-8.8254895275870
0.090999998152256	-8.8564762805611
0.091049998998642	-8.8865562419098
0.091099999845028	-8.9153851888273
0.091150000691414	-8.9426207165813
0.091200001537800	-8.9679283793303
0.091250002384186	-8.9909911624219
0.091300003230572	-9.0115085446235
0.091349996626377	-9.0291984979290
0.091399997472763	-9.0438119265027
0.091449998319149	-9.0551271363789
0.091499999165535	-9.0629555019499
0.091550000011921	-9.0671453791567
0.091600000858307	-9.0675884216538
0.091650001704693	-9.0642140170218
0.091700002551079	-9.0569968858600
0.091750003397465	-9.0459500861218
0.091799996793270	-9.0311338694677
0.091849997639656	-9.0126490321041
0.091899998486042	-8.9906317878200
0.091949999332428	-8.9652565356257
0.092000000178814	-8.9367302408633
0.092050001025200	-8.9052903008833
0.092100001871586	-8.8711957930027
0.092150002717972	-8.8347294668844
0.092200003564358	-8.7961876941030
0.092249996960163	-8.7558790866020
0.092299997806549	-8.7141214691289
0.092349998652935	-8.6712317820835
0.092399999499321	-8.6275303188698
0.092450000345707	-8.5833308465381
0.092500001192093	-8.5389373440457
0.092550002038479	-8.4946473713491
0.092600002884865	-8.4507470023236
0.092649996280670	-8.4075018674387
0.092699997127056	-8.3651648834438
0.092749997973442	-8.3239706422682
0.092799998819828	-8.2841349789330
0.092849999666214	-8.2458521514658
0.092900000512600	-8.2092993984640
0.092950001358986	-8.1746292128437
0.093000002205372	-8.1419768979066
0.093050003051758	-8.1114558223242
0.093099996447563	-8.0831582561166
0.093149997293949	-8.0571567484438
0.093199998140335	-8.0335046743563
0.093249998986721	-8.0122332707588
0.093299999833107	-7.9933586304954
0.093350000679493	-7.9768732522821
0.093400001525879	-7.9627583047743
0.093450002372265	-7.9509703823607
0.093500003218651	-7.9414570494370
0.093549996614456	-7.9341451773518
0.093599997460842	-7.9289478256439
0.093649998307228	-7.9257667606511
0.093699999153614	-7.9244890126301
0.093750000000000	-7.9249882662416
0.093800000846386	-7.9271293522274
0.093850001692772	-7.9307701414886
0.093900002539158	-7.9357562583662
0.093950003385544	-7.9419275099894
0.093999996781349	-7.9491197607986
0.094049997627735	-7.9571656910274
0.094099998474121	-7.9658942784403
0.094149999320507	-7.9751357368389
0.094200000166893	-7.9847199718041
0.094250001013279	-7.9944825984822
0.094300001859665	-8.0042622275193
0.094350002706051	-8.0139048392217
0.094400003552437	-8.0232651800416
0.094449996948242	-8.0322074920870
0.094499997794628	-8.0406104074506
0.094549998641014	-8.0483626834472
0.094599999487400	-8.0553692983198
0.094650000333786	-8.0615468265882
0.094700001180172	-8.0668356774837
0.094750002026558	-8.0711826708624
0.094800002872944	-8.0745626480098
0.094850003719330	-8.0769582122109
0.094899997115135	-8.0783769198753
0.094949997961521	-8.0788384080943
0.094999998807907	-8.0783758791639
0.095049999654293	-8.0770416982335
0.095100000500679	-8.0749005454455
0.095150001347065	-8.0720297566065
0.095200002193451	-8.0685129938018
0.095250003039837	-8.0644479134432
0.095299996435642	-8.0599393925794
0.095349997282028	-8.0550941254596
0.095399998128414	-8.0500225599855
0.095449998974800	-8.0448385997076
0.095499999821186	-8.0396555017902
0.095550000667572	-8.0345819608442
0.095600001513958	-8.0297237442110
0.095650002360344	-8.0251829125228
0.095700003206730	-8.0210508150064
0.095749996602535	-8.0174107300613
0.095799997448921	-8.0143373405733
0.095849998295307	-8.0118932984940
0.095899999141693	-8.0101266047318
0.095949999988079	-8.0090756119300
0.096000000834465	-8.0087619299684
0.096050001680851	-8.0091935198650
0.096100002527237	-8.0103616489721
0.096150003373623	-8.0122452978309
0.096199996769428	-8.0148068103971
0.096249997615814	-8.0179913956274
0.096299998462200	-8.0217302239874
0.096349999308586	-8.0259409123216
0.096400000154972	-8.0305268379665
0.096450001001358	-8.0353785702200
0.096500001847744	-8.0403716936768
0.096550002694130	-8.0453773949227
0.096600003540516	-8.0502513245851
0.096649996936321	-8.0548440702407
0.096699997782707	-8.0589995955699
0.096749998629093	-8.0625583335893
0.096799999475479	-8.0653587133461
0.096850000321865	-8.0672402858427
0.096900001168251	-8.0680441868360
0.096950002014637	-8.0676153568555
0.097000002861023	-8.0658066483306
0.097050003707409	-8.0624828075443
0.097099997103214	-8.0575179416556
0.097149997949600	-8.0508017240161
0.097199998795986	-8.0422340430667
0.097249999642372	-8.0317414760316
0.097300000488758	-8.0192607865169
0.097350001335144	-8.0047562571864
0.097400002181530	-7.9882057130270
0.097450003027916	-7.9696112389413
0.097499996423721	-7.9489997933287
0.097549997270107	-7.9264117264982
0.097599998116493	-7.9019128326702
0.097649998962879	-7.8755870658364
0.097699999809265	-7.8475373206288
0.097750000655651	-7.8178773605180
0.097800001502037	-7.7867429638384
0.097850002348423	-7.7542770464438
0.097900003194809	-7.7206326678084
0.097949996590614	-7.6859762374584
0.097999997437000	-7.6504704060652
0.098049998283386	-7.6142904638689
0.098099999129772	-7.5776063403669
0.098149999976158	-7.5405897755917
0.098200000822544	-7.5034102035120
0.098250001668930	-7.4662260443156
0.098300002515316	-7.4291962378992
0.098350003361702	-7.3924652677215
0.098399996757507	-7.3561696035535
0.098449997603893	-7.3204354663090
0.098499998450279	-7.2853733652267
0.098549999296665	-7.2510818980804
0.098600000143051	-7.2176462529478
0.098650000989437	-7.1851344313903
0.098700001835823	-7.1536022101013
0.098750002682209	-7.1230868851627
0.098800003528595	-7.0936099530992
0.098849996924400	-7.0651824281193
0.098899997770786	-7.0377927268658
0.098949998617172	-7.0114184909526
0.098999999463558	-6.9860241169997
0.099050000309944	-6.9615570026967
0.099100001156330	-6.9379535923204
0.099150002002716	-6.9151361132880
0.099200002849102	-6.8930204680779
0.099250003695488	-6.8715070908227
0.099299997091293	-6.8504943509481
0.099349997937679	-6.8298673703682
0.099399998784065	-6.8095101438582
0.099449999630451	-6.7893025016922
0.099500000476837	-6.7691181196118
0.099550001323223	-6.7488366493079
0.099600002169609	-6.7283370458502
0.099650003015995	-6.7074976175844
0.099699996411800	-6.6862091224551
0.099749997258186	-6.6643626403413
0.099799998104572	-6.6418622053505
0.099849998950958	-6.6186201560256
0.099899999797344	-6.5945610738022
0.099950000643730	-6.5696228380293
0.10000000149012	-6.5437573015660
