#Parameters = {ApertureA=7300; ApertureB=6000; Horn_Height=7300; ProbeHeight=1333; ProbeL=2000; ProbeR=23.5; ProbeRin=69.2; ProbeRout=72; R=10000; Thickness=3; WGH=3200; WGL=3000; WGW=2000}
#"Frequency / GHz"	"S1,1 (1) [Magnitude / dB]"
#---------------------------------------------
0.050000000745058	-3.1677790960377
0.050050001591444	-3.2105500956998
0.050099998712540	-3.2538616902078
0.050149999558926	-3.2977104202405
0.050200000405312	-3.3420913095335
0.050250001251698	-3.3870027952420
0.050299998372793	-3.4324401979426
0.050349999219179	-3.4784056949381
0.050400000065565	-3.5249016370740
0.050450000911951	-3.5719289812485
0.050500001758337	-3.6194966111547
0.050549998879433	-3.6676090281969
0.050599999725819	-3.7162789119835
0.050650000572205	-3.7655140226053
0.050700001418591	-3.8153307858983
0.050749998539686	-3.8657436523025
0.050799999386072	-3.9167700297670
0.050850000232458	-3.9684249878040
0.050900001078844	-4.0207341036754
0.050949998199940	-4.0737152000576
0.050999999046326	-4.1273894465495
0.051049999892712	-4.1817853615250
0.051100000739098	-4.2369261010986
0.051150001585484	-4.2928341210044
0.051199998706579	-4.3495372489563
0.051249999552965	-4.4070625610921
0.051300000399351	-4.4654341668785
0.051350001245737	-4.5246776231710
0.051399998366833	-4.5848218944920
0.051449999213219	-4.6458871348696
0.051500000059605	-4.7078995400074
0.051550000905991	-4.7708812058803
0.051600001752377	-4.8348563422532
0.051649998873472	-4.8998405129723
0.051699999719858	-4.9658571846665
0.051750000566244	-5.0329177772793
0.051800001412630	-5.1010391735846
0.051849998533726	-5.1702360342749
0.051899999380112	-5.2405142704524
0.051950000226498	-5.3118843373002
0.052000001072884	-5.3843503757432
0.052049998193979	-5.4579135583313
0.052099999040365	-5.5325776461781
0.052149999886751	-5.6083345848416
0.052200000733137	-5.6851825487035
0.052250001579523	-5.7631124737776
0.052299998700619	-5.8421120132876
0.052349999547005	-5.9221659245771
0.052400000393391	-6.0032597003108
0.052450001239777	-6.0853722244165
0.052499998360872	-6.1684836030505
0.052549999207258	-6.2525662095551
0.052600000053644	-6.3375954560036
0.052650000900030	-6.4235399482435
0.052700001746416	-6.5103704593060
0.052749998867512	-6.5980518243079
0.052799999713898	-6.6865481411416
0.052850000560284	-6.7758243155454
0.052900001406670	-6.8658385176480
0.052949998527765	-6.9565536531533
0.052999999374151	-7.0479268937579
0.053050000220537	-7.1399176131846
0.053100001066923	-7.2324798855154
0.053149998188019	-7.3255725602888
0.053199999034405	-7.4191493359617
0.053249999880791	-7.5131673231649
0.053300000727177	-7.6075796291149
0.053350001573563	-7.7023411015167
0.053399998694658	-7.7974080935839
0.053449999541044	-7.8927360901402
0.053500000387430	-7.9882767940788
0.053550001233816	-8.0839891743388
0.053599998354912	-8.1798273865009
0.053649999201298	-8.2757444309419
0.053700000047684	-8.3716981269124
0.053750000894070	-8.4676462171257
0.053800001740456	-8.5635401486616
0.053849998861551	-8.6593377679025
0.053899999707937	-8.7549942973205
0.053950000554323	-8.8504644179467
0.054000001400709	-8.9456991834956
0.054049998521805	-9.0406543198490
0.054099999368191	-9.1352791818351
0.054150000214577	-9.2295265475828
0.054200001060963	-9.3233443759956
0.054249998182058	-9.4166780084196
0.054299999028444	-9.5094736871707
0.054349999874830	-9.6016708712810
0.054400000721216	-9.6932122629749
0.054450001567602	-9.7840303892390
0.054499998688698	-9.8740628259935
0.054549999535084	-9.9632363451103
0.054600000381470	-10.051479662188
0.054650001227856	-10.138717006273
0.054699998348951	-10.224867653320
0.054749999195337	-10.309848072410
0.054800000041723	-10.393575118089
0.054850000888109	-10.475955959568
0.054900001734495	-10.556903642393
0.054949998855591	-10.636321028202
0.054999999701977	-10.714114139384
0.055050000548363	-10.790185291521
0.055100001394749	-10.864438687672
0.055149998515844	-10.936776615969
0.055199999362230	-11.007101664222
0.055250000208616	-11.075320075212
0.055300001055002	-11.141337042577
0.055349998176098	-11.205065759316
0.055399999022484	-11.266420682222
0.055449999868870	-11.325319269601
0.055500000715256	-11.381690998739
0.055550001561642	-11.435465618250
0.055599998682737	-11.486586778190
0.055649999529123	-11.535001846732
0.055700000375509	-11.580668382143
0.055750001221895	-11.623556950272
0.055799998342991	-11.663643458524
0.055849999189377	-11.700919486184
0.055900000035763	-11.735383528450
0.055950000882149	-11.767047477803
0.056000001728535	-11.795934167252
0.056049998849630	-11.822075461565
0.056099999696016	-11.845517900030
0.056150000542402	-11.866314090037
0.056200001388788	-11.884526269661
0.056249998509884	-11.900230948683
0.056299999356270	-11.913505153178
0.056350000202656	-11.924439890363
0.056400001049042	-11.933131012934
0.056449998170137	-11.939676409592
0.056499999016523	-11.944183533409
0.056549999862909	-11.946761421027
0.056600000709295	-11.947519579202
0.056650001555681	-11.946573770928
0.056699998676777	-11.944035851410
0.056749999523163	-11.940022151057
0.056800000369549	-11.934644653687
0.056850001215935	-11.928012810431
0.056899998337030	-11.920237927852
0.056949999183416	-11.911423749730
0.057000000029802	-11.901675577899
0.057050000876188	-11.891087734604
0.057100001722574	-11.879758397481
0.057149998843670	-11.867772336884
0.057199999690056	-11.855214014434
0.057250000536442	-11.842165786819
0.057300001382828	-11.828699730205
0.057349998503923	-11.814882356459
0.057399999350309	-11.800780239942
0.057450000196695	-11.786452262169
0.057500001043081	-11.771947610597
0.057549998164177	-11.757320355969
0.057599999010563	-11.742613981493
0.057649999856949	-11.727866831102
0.057700000703335	-11.713116875112
0.057750001549721	-11.698397417028
0.057799998670816	-11.683738438994
0.057849999517202	-11.669166121191
0.057900000363588	-11.654705529314
0.057950001209974	-11.640380629731
0.057999998331070	-11.626208981441
0.058049999177456	-11.612213771860
0.058100000023842	-11.598408485950
0.058150000870228	-11.584815580811
0.058200001716614	-11.571446365765
0.058249998837709	-11.558321610580
0.058299999684095	-11.545454361497
0.058350000530481	-11.532864888073
0.058400001376867	-11.520567421742
0.058449998497963	-11.508579765286
0.058499999344349	-11.496923376143
0.058550000190735	-11.485613804019
0.058600001037121	-11.474671538518
0.058649998158216	-11.464119731232
0.058699999004602	-11.453977829113
0.058749999850988	-11.444270924819
0.058800000697374	-11.435019447426
0.058850001543760	-11.426251336810
0.058899998664856	-11.417992379607
0.058949999511242	-11.410265262543
0.059000000357628	-11.403097985365
0.059050001204014	-11.396517490789
0.059099998325109	-11.390552108866
0.059149999171495	-11.385230924586
0.059200000017881	-11.380575269267
0.059250000864267	-11.376617738138
0.059300001710653	-11.373385126641
0.059349998831749	-11.370899339731
0.059399999678135	-11.369190030557
0.059450000524521	-11.368280212359
0.059500001370907	-11.368193165434
0.059549998492002	-11.368953893878
0.059599999338388	-11.370579141671
0.059650000184774	-11.373093814589
0.059700001031160	-11.376512539250
0.059749998152256	-11.380854795357
0.059799998998642	-11.386133603862
0.059849999845028	-11.392362525456
0.059900000691414	-11.399554541889
0.059950001537800	-11.407717553719
0.059999998658895	-11.416860877629
0.060049999505281	-11.426987966201
0.060100000351667	-11.438106965681
0.060150001198053	-11.450216274150
0.060199998319149	-11.463317103587
0.060249999165535	-11.477411778528
0.060300000011921	-11.492493904340
0.060350000858307	-11.508561157136
0.060400001704693	-11.525608227549
0.060449998825788	-11.543628255131
0.060499999672174	-11.562614423116
0.060550000518560	-11.582557987202
0.060600001364946	-11.603446688550
0.060649998486042	-11.625275094055
0.060699999332428	-11.648030166939
0.060750000178814	-11.671701258198
0.060800001025200	-11.696278416518
0.060849998146296	-11.721752338678
0.060899998992682	-11.748109748730
0.060949999839067	-11.775344411763
0.061000000685453	-11.803442656643
0.061050001531839	-11.832401070327
0.061099998652935	-11.862207726067
0.061149999499321	-11.892859524490
0.061200000345707	-11.924349647640
0.061250001192093	-11.956673737758
0.061299998313189	-11.989831261659
0.061349999159575	-12.023821430424
0.061400000005960	-12.058644424682
0.061450000852346	-12.094304192868
0.061500001698732	-12.130801106569
0.061549998819828	-12.168145032382
0.061599999666214	-12.206343584955
0.061650000512600	-12.245404564120
0.061700001358986	-12.285340061334
0.061749998480082	-12.326164131108
0.061799999326468	-12.367891521672
0.061850000172853	-12.410537130787
0.061900001019239	-12.454120272427
0.061949998140335	-12.498658694870
0.061999998986721	-12.544173104079
0.062049999833107	-12.590685166232
0.062100000679493	-12.638218424863
0.062150001525879	-12.686794736782
0.062199998646975	-12.736439043591
0.062249999493361	-12.787175158181
0.062300000339746	-12.839029376350
0.062350001186132	-12.892026494914
0.062399998307228	-12.946190724566
0.062449999153614	-13.001547389587
0.062500000000000	-13.058123998560
0.062550000846386	-13.115942247596
0.062600001692772	-13.175028774286
0.062650002539158	-13.235404975083
0.062700003385544	-13.297095584960
0.062749996781349	-13.360121567467
0.062799997627735	-13.424505305298
0.062849998474121	-13.490264873948
0.062899999320507	-13.557421720754
0.062950000166893	-13.625992830712
0.063000001013279	-13.695994320291
0.063050001859665	-13.767443314107
0.063100002706051	-13.840353924888
0.063150003552437	-13.914739451510
0.063199996948242	-13.990614206314
0.063249997794628	-14.067987458622
0.063299998641014	-14.146870805174
0.063349999487400	-14.227274567019
0.063400000333786	-14.309207141123
0.063450001180172	-14.392677712854
0.063500002026558	-14.477694526529
0.063550002872944	-14.564264655505
0.063600003719330	-14.652396611327
0.063649997115135	-14.742098444397
0.063699997961521	-14.833378177333
0.063749998807907	-14.926244320042
0.063799999654293	-15.020706836052
0.063850000500679	-15.116775703679
0.063900001347065	-15.214464055560
0.063950002193451	-15.313783097562
0.064000003039837	-15.414749226426
0.064049996435642	-15.517378452890
0.064099997282028	-15.621688024590
0.064149998128414	-15.727702931988
0.064199998974800	-15.835442554793
0.064249999821186	-15.944936063349
0.064300000667572	-16.056213589495
0.064350001513958	-16.169307677025
0.064400002360344	-16.284252616020
0.064450003206730	-16.401090880727
0.064499996602535	-16.519863071160
0.064549997448921	-16.640619416483
0.064599998295307	-16.763408198851
0.064649999141693	-16.888285006353
0.064699999988079	-17.015311222180
0.064750000834465	-17.144547331261
0.064800001680851	-17.276059545360
0.064850002527237	-17.409921912876
0.064900003373623	-17.546207105481
0.064949996769428	-17.684994852222
0.064999997615814	-17.826365764186
0.065049998462200	-17.970407675132
0.065099999308586	-18.117206599665
0.065150000154972	-18.266857600165
0.065200001001358	-18.419453590391
0.065250001847744	-18.575093876768
0.065300002694130	-18.733875079776
0.065350003540516	-18.895899303924
0.065399996936321	-19.061269101113
0.065449997782707	-19.230085799200
0.065499998629093	-19.402452621585
0.065549999475479	-19.578470327227
0.065600000321865	-19.758238944865
0.065650001168251	-19.941854308897
0.065700002014637	-20.129411039907
0.065750002861023	-20.320995646494
0.065800003707409	-20.516689303984
0.065849997103214	-20.716563702742
0.065899997949600	-20.920680910353
0.065949998795986	-21.129088595609
0.065999999642372	-21.341819083412
0.066050000488758	-21.558883931492
0.066100001335144	-21.780272472556
0.066150002181530	-22.005944245749
0.066200003027916	-22.235826558254
0.066249996423721	-22.469806830483
0.066299997270107	-22.707723187974
0.066349998116493	-22.949359218325
0.066399998962879	-23.194435347546
0.066449999809265	-23.442591979293
0.066500000655651	-23.693382328907
0.066550001502037	-23.946254784999
0.066600002348423	-24.200543818304
0.066650003194809	-24.455448970915
0.066699996590614	-24.710017382329
0.066749997437000	-24.963131958724
0.066799998283386	-25.213492452772
0.066849999129772	-25.459606340971
0.066899999976158	-25.699778162664
0.066950000822544	-25.932110997756
0.067000001668930	-26.154520316450
0.067050002515316	-26.364748155097
0.067100003361702	-26.560407288550
0.067149996757507	-26.739041121767
0.067199997603893	-26.898190098682
0.067249998450279	-27.035489179711
0.067299999296665	-27.148768658683
0.067350000143051	-27.236158718071
0.067400000989437	-27.296195679787
0.067450001835823	-27.327909560856
0.067500002682209	-27.330877277003
0.067550003528595	-27.305253894351
0.067599996924400	-27.251755335285
0.067649997770786	-27.171615413880
0.067699998617172	-27.066505429577
0.067749999463558	-26.938437623117
0.067800000309944	-26.789661313451
0.067850001156330	-26.622551030292
0.067900002002716	-26.439517512377
0.067950002849102	-26.242926377237
0.068000003695488	-26.035035515988
0.068049997091293	-25.817945338480
0.068099997937679	-25.593583624655
0.068149998784065	-25.363678465019
0.068199999630451	-25.129764407183
0.068250000476837	-24.893183592681
0.068300001323223	-24.655097713365
0.068350002169609	-24.416500738971
0.068400003015995	-24.178240973465
0.068449996411800	-23.941030184084
0.068499997258186	-23.705464919199
0.068549998104572	-23.472035878576
0.068599998950958	-23.241152665377
0.068649999797344	-23.013145056953
0.068700000643730	-22.788279371574
0.068750001490116	-22.566773055376
0.068800002336502	-22.348792972811
0.068850003182888	-22.134469700114
0.068899996578693	-21.923904040470
0.068949997425079	-21.717169359435
0.068999998271465	-21.514317606017
0.069049999117851	-21.315385400001
0.069099999964237	-21.120389863388
0.069150000810623	-20.929341474596
0.069200001657009	-20.742238290457
0.069250002503395	-20.559071978847
0.069300003349781	-20.379826159506
0.069349996745586	-20.204481254752
0.069399997591972	-20.033010821652
0.069449998438358	-19.865390006075
0.069499999284744	-19.701586198796
0.069550000131130	-19.541566636190
0.069600000977516	-19.385296801223
0.069650001823902	-19.232740889825
0.069700002670288	-19.083862445934
0.069750003516674	-18.938620653640
0.069799996912479	-18.796978340939
0.069849997758865	-18.658895832480
0.069899998605251	-18.524330020865
0.069949999451637	-18.393240931914
0.070000000298023	-18.265585372686
0.070050001144409	-18.141321426815
0.070100001990795	-18.020404920536
0.070150002837181	-17.902792237961
0.070200003683567	-17.788439027769
0.070249997079372	-17.677298773039
0.070299997925758	-17.569328248542
0.070349998772144	-17.464478998130
0.070399999618530	-17.362706597513
0.070450000464916	-17.263962762747
0.070500001311302	-17.168200315456
0.070550002157688	-17.075372443729
0.070600003004074	-16.985432208925
0.070649996399879	-16.898329133524
0.070699997246265	-16.814018646030
0.070749998092651	-16.732450065505
0.070799998939037	-16.653578528736
0.070849999785423	-16.577355891361
0.070900000631809	-16.503733523589
0.070950001478195	-16.432665718709
0.071000002324581	-16.364106073911
0.071050003170967	-16.298010885143
0.071099996566772	-16.234332713290
0.071149997413158	-16.173031628796
0.071199998259544	-16.114060175513
0.071249999105930	-16.057380353092
0.071299999952316	-16.002950434360
0.071350000798702	-15.950731201742
0.071400001645088	-15.900684757998
0.071450002491474	-15.852775656456
0.071500003337860	-15.806969085672
0.071549996733665	-15.763230192425
0.071599997580051	-15.721530763448
0.071649998426437	-15.681839154302
0.071699999272823	-15.644129352462
0.071750000119209	-15.608374173820
0.071800000965595	-15.574551769544
0.071850001811981	-15.542638136912
0.071900002658367	-15.512612710479
0.071950003504753	-15.484458781608
0.071999996900558	-15.458159956934
0.072049997746944	-15.433702155666
0.072099998593330	-15.411072711692
0.072149999439716	-15.390260001951
0.072200000286102	-15.371255450752
0.072250001132488	-15.354051660621
0.072300001978874	-15.338640032502
0.072350002825260	-15.325021630572
0.072400003671646	-15.313185547927
0.072449997067451	-15.303134462023
0.072499997913837	-15.294866774273
0.072549998760223	-15.288379070434
0.072599999606609	-15.283674423549
0.072650000452995	-15.280754757761
0.072700001299381	-15.279617921553
0.072750002145767	-15.280267741764
0.072800002992153	-15.282705875923
0.072849996387959	-15.286934198165
0.072899997234344	-15.292952872643
0.072949998080730	-15.300766160627
0.072999998927116	-15.310373509506
0.073049999773502	-15.321776573977
0.073100000619888	-15.334974165962
0.073150001466274	-15.349963477279
0.073200002312660	-15.366747278413
0.073250003159046	-15.385319784969
0.073299996554852	-15.405677395789
0.073349997401237	-15.427814028913
0.073399998247623	-15.451726066555
0.073449999094009	-15.477402229823
0.073499999940395	-15.504836998283
0.073550000786781	-15.534019487112
0.073600001633167	-15.564937063592
0.073650002479553	-15.597577524786
0.073700003325939	-15.631924112828
0.073749996721745	-15.667965464770
0.073799997568130	-15.705683552053
0.073849998414516	-15.745058634062
0.073899999260902	-15.786073198000
0.073950000107288	-15.828705259329
0.074000000953674	-15.872937146508
0.074050001800060	-15.918744279237
0.074100002646446	-15.966107105297
0.074150003492832	-16.015003237545
0.074199996888638	-16.065407679497
0.074249997735023	-16.117299930648
0.074299998581409	-16.170656891972
0.074349999427795	-16.225457925405
0.074400000274181	-16.281680115040
0.074450001120567	-16.339302279663
0.074500001966953	-16.398305510332
0.074550002813339	-16.458673477673
0.074600003659725	-16.520389683025
0.074649997055531	-16.583434848794
0.074699997901917	-16.647802980939
0.074749998748302	-16.713477927805
0.074799999594688	-16.780453280951
0.074850000441074	-16.848723868776
0.074900001287460	-16.918288116789
0.074950002133846	-16.989142869380
0.075000002980232	-17.061293395289
0.075049996376038	-17.134745798339
0.075099997222424	-17.209506457628
0.075149998068810	-17.285592804300
0.075199998915195	-17.363018115939
0.075249999761581	-17.441802574074
0.075300000607967	-17.521968390984
0.075350001454353	-17.603541247998
0.075400002300739	-17.686551324207
0.075450003147125	-17.771029028120
0.075499996542931	-17.857010075326
0.075549997389317	-17.944533001579
0.075599998235703	-18.033636480973
0.075649999082088	-18.124366124228
0.075699999928474	-18.216763766101
0.075750000774860	-18.310878126299
0.075800001621246	-18.406758235747
0.075850002467632	-18.504451097813
0.075900003314018	-18.604009060505
0.075949996709824	-18.705482140842
0.075999997556210	-18.808925403133
0.076049998402596	-18.914387679649
0.076099999248981	-19.021920734100
0.076150000095367	-19.131576841915
0.076200000941753	-19.243407003575
0.076250001788139	-19.357456780652
0.076300002634525	-19.473776692002
0.076350003480911	-19.592411189884
0.076399996876717	-19.713405630246
0.076449997723103	-19.836797278659
0.076499998569489	-19.962627506372
0.076549999415874	-20.090931875720
0.076600000262260	-20.221742421877
0.076650001108646	-20.355089628072
0.076700001955032	-20.490999934958
0.076750002801418	-20.629495136051
0.076800003647804	-20.770593938757
0.076849997043610	-20.914313996248
0.076899997889996	-21.060668765999
0.076949998736382	-21.209664251049
0.076999999582767	-21.361307027509
0.077050000429153	-21.515600866140
0.077100001275539	-21.672544826038
0.077150002121925	-21.832133676950
0.077200002968311	-21.994363341764
0.077249996364117	-22.159227099655
0.077299997210503	-22.326711982806
0.077349998056889	-22.496809226329
0.077399998903275	-22.669507228332
0.077449999749660	-22.844794644995
0.077500000596046	-23.022657330801
0.077550001442432	-23.203087135621
0.077600002288818	-23.386070792724
0.077650003135204	-23.571601917510
0.077699996531010	-23.759676153564
0.077749997377396	-23.950288047588
0.077799998223782	-24.143438400384
0.077849999070168	-24.339129456627
0.077899999916553	-24.537370518229
0.077950000762939	-24.738167192124
0.078000001609325	-24.941536659971
0.078050002455711	-25.147488649480
0.078100003302097	-25.356044169490
0.078149996697903	-25.567214885290
0.078199997544289	-25.781018002604
0.078249998390675	-25.997461505625
0.078299999237061	-26.216548359220
0.078350000083447	-26.438268378209
0.078400000929832	-26.662598752345
0.078450001776218	-26.889488886036
0.078500002622604	-27.118868905884
0.078550003468990	-27.350623185140
0.078599996864796	-27.584597855901
0.078649997711182	-27.820577833240
0.078699998557568	-28.058283509722
0.078749999403954	-28.297346423465
0.078800000250340	-28.537303759159
0.078850001096725	-28.777572421466
0.078900001943111	-29.017440534965
0.078950002789497	-29.256031284925
0.079000003635883	-29.492306634551
0.079049997031689	-29.725028517964
0.079099997878075	-29.952752934337
0.079149998724461	-30.173826273592
0.079199999570847	-30.386368993427
0.079250000417233	-30.588303895512
0.079300001263618	-30.777366500032
0.079350002110004	-30.951157465057
0.079400002956390	-31.107203130391
0.079449996352196	-31.243042770915
0.079499997198582	-31.356326743207
0.079549998044968	-31.444938580599
0.079599998891354	-31.507105586484
0.079649999737740	-31.541515585683
0.079700000584126	-31.547405244547
0.079750001430511	-31.524614264166
0.079800002276897	-31.473604406939
0.079850003123283	-31.395427512621
0.079899996519089	-31.291670015098
0.079949997365475	-31.164345611110
0.079999998211861	-31.015789823319
0.080049999058247	-30.848536050500
0.080099999904633	-30.665202950554
0.080150000751019	-30.468392287713
0.080200001597404	-30.260610119393
0.080250002443790	-30.044208272910
0.080300003290176	-29.821336262942
0.080349996685982	-29.593930850648
0.080399997532368	-29.363694513726
0.080449998378754	-29.132106202713
0.080499999225140	-28.900432204648
0.080550000071526	-28.669731879627
0.080600000917912	-28.440884378758
0.080650001764297	-28.214604103816
0.080700002610683	-27.991459334856
0.080750003457069	-27.771886221479
0.080799996852875	-27.556211602286
0.080849997699261	-27.344667242279
0.080899998545647	-27.137397312816
0.080949999392033	-26.934479082245
0.081000000238419	-26.735924936784
0.081050001084805	-26.541701780536
0.081100001931190	-26.351728609453
0.081150002777576	-26.165894289405
0.081200003623962	-25.984052447302
0.081249997019768	-25.806040451350
0.081299997866154	-25.631672008978
0.081349998712540	-25.460750870770
0.081399999558926	-25.293070480557
0.081450000405312	-25.128416958272
0.081500001251698	-24.966574940545
0.081550002098083	-24.807331287055
0.081600002944469	-24.650475042731
0.081649996340275	-24.495801099336
0.081699997186661	-24.343113904622
0.081749998033047	-24.192227223277
0.081799998879433	-24.042968411181
0.081849999725819	-23.895175375555
0.081900000572205	-23.748707258131
0.081950001418591	-23.603430754135
0.082000002264977	-23.459237038466
0.082050003111362	-23.316031953168
0.082099996507168	-23.173739417144
0.082149997353554	-23.032301071400
0.082199998199940	-22.891673748655
0.082249999046326	-22.751832329950
0.082299999892712	-22.612773488889
0.082350000739098	-22.474498279508
0.082400001585484	-22.337029932732
0.082450002431870	-22.200401886583
0.082500003278255	-22.064657743436
0.082549996674061	-21.929852649778
0.082599997520447	-21.796048450451
0.082649998366833	-21.663313909629
0.082699999213219	-21.531722780207
0.082750000059605	-21.401349957982
0.082800000905991	-21.272275385769
0.082850001752377	-21.144574275759
0.082900002598763	-21.018323858355
0.082950003445148	-20.893596656025
0.082999996840954	-20.770462409173
0.083049997687340	-20.648980876660
0.083099998533726	-20.529209381935
0.083149999380112	-20.411193037816
0.083200000226498	-20.294977086588
0.083250001072884	-20.180585641884
0.083300001919270	-20.068040501151
0.083350002765656	-19.957350386078
0.083400003612041	-19.848513723180
0.083449997007847	-19.741516303978
0.083499997854233	-19.636335692051
0.083549998700619	-19.532934903589
0.083599999547005	-19.431267067688
0.083650000393391	-19.331274309128
0.083700001239777	-19.232885917760
0.083750002086163	-19.136024491448
0.083800002932549	-19.040600063580
0.083849996328354	-18.946516314605
0.083899997174740	-18.853662819045
0.083949998021126	-18.761930310702
0.083999998867512	-18.671196463756
0.084049999713898	-18.581336311081
0.084100000560284	-18.492220410809
0.084150001406670	-18.403716692468
0.084200002253056	-18.315692432654
0.084250003099442	-18.228014425185
0.084299996495247	-18.140552934971
0.084349997341633	-18.053173696277
0.084399998188019	-17.965759970063
0.084449999034405	-17.878189561448
0.084499999880791	-17.790351869979
0.084550000727177	-17.702146142053
0.084600001573563	-17.613480888071
0.084650002419949	-17.524277598749
0.084700003266335	-17.434466668068
0.084749996662140	-17.343993124983
0.084799997508526	-17.252817272149
0.084849998354912	-17.160911345872
0.084899999201298	-17.068261989674
0.084950000047684	-16.974874549798
0.085000000894070	-16.880761362323
0.085050001740456	-16.785957249795
0.085100002586842	-16.690501919781
0.085150003433228	-16.594453939938
0.085199996829033	-16.497880799552
0.085249997675419	-16.400859181864
0.085299998521805	-16.303476925884
0.085349999368191	-16.205829767456
0.085400000214577	-16.108017368597
0.085450001060963	-16.010145835824
0.085500001907349	-15.912325335936
0.085550002753735	-15.814664536501
0.085600003600121	-15.717277205804
0.085649996995926	-15.620271948170
0.085699997842312	-15.523755116746
0.085749998688698	-15.427829622843
0.085799999535084	-15.332591422540
0.085850000381470	-15.238134123077
0.085900001227856	-15.144536984703
0.085950002074242	-15.051875852641
0.086000002920628	-14.960212891410
0.086049996316433	-14.869601769086
0.086099997162819	-14.780086146217
0.086149998009205	-14.691695019417
0.086199998855591	-14.604446368583
0.086249999701977	-14.518345642480
0.086300000548363	-14.433386107332
0.086350001394749	-14.349543783643
0.086400002241135	-14.266789246968
0.086450003087521	-14.185071388892
0.086499996483326	-14.104335535684
0.086549997329712	-14.024508231420
0.086599998176098	-13.945505785565
0.086649999022484	-13.867237097371
0.086699999868870	-13.789594852119
0.086750000715256	-13.712469270156
0.086800001561642	-13.635738396288
0.086850002408028	-13.559270997255
0.086900003254414	-13.482937574383
0.086949996650219	-13.406597678975
0.086999997496605	-13.330115099965
0.087049998342991	-13.253343976805
0.087099999189377	-13.176148059148
0.087150000035763	-13.098389519639
0.087200000882149	-13.019935272370
0.087250001728535	-12.940663249366
0.087300002574921	-12.860455012502
0.087350003421307	-12.779204107700
0.087399996817112	-12.696817795539
0.087449997663498	-12.613215535506
0.087499998509884	-12.528331370594
0.087549999356270	-12.442119733560
0.087600000202656	-12.354548072495
0.087650001049042	-12.265605447388
0.087700001895428	-12.175297198479
0.087750002741814	-12.083652042319
0.087800003588200	-11.990714217651
0.087849996984005	-11.896549408373
0.087899997830391	-11.801239496060
0.087949998676777	-11.704885445994
0.087999999523163	-11.607610036920
0.088050000369549	-11.509543606966
0.088100001215935	-11.410835494301
0.088150002062321	-11.311646708337
0.088200002908707	-11.212152794313
0.088249996304512	-11.112532508342
0.088299997150898	-11.012978317910
0.088349997997284	-10.913685333232
0.088399998843670	-10.814856385438
0.088449999690056	-10.716697765846
0.088500000536442	-10.619410292923
0.088550001382828	-10.523203875455
0.088600002229214	-10.428280132419
0.088650003075600	-10.334841225665
0.088699996471405	-10.243083118501
0.088749997317791	-10.153202044609
0.088799998164177	-10.065380819773
0.088849999010563	-9.9798016252502
0.088899999856949	-9.8966363999787
0.088950000703335	-9.8160481901336
0.089000001549721	-9.7381941485703
0.089050002396107	-9.6632204351957
0.089100003242493	-9.5912639505832
0.089149996638298	-9.5224530209955
0.089199997484684	-9.4569043205938
0.089249998331070	-9.3947252685692
0.089299999177456	-9.3360102189549
0.089350000023842	-9.2808476153678
0.089400000870228	-9.2293102991027
0.089450001716614	-9.1814640525608
0.089500002563000	-9.1373595603305
0.089550003409386	-9.0970386333124
0.089599996805191	-9.0605290438241
0.089649997651577	-9.0278490294366
0.089699998497963	-8.9990054732541
0.089749999344349	-8.9739879743459
0.089800000190735	-8.9527759297141
0.089850001037121	-8.9353390080684
0.089900001883507	-8.9216280195266
0.089950002729893	-8.9115811793146
0.090000003576279	-8.9051265958599
0.090049996972084	-8.9021708779891
0.090099997818470	-8.9026111548105
0.090149998664856	-8.9063255830701
0.090199999511242	-8.9131764520057
0.090250000357628	-8.9230119439199
0.090300001204014	-8.9356609320216
0.090350002050400	-8.9509358316811
0.090400002896786	-8.9686338630060
0.090449996292591	-8.9885325534850
0.090499997138977	-9.0103928771966
0.090549997985363	-9.0339588811800
0.090599998831749	-9.0589602180627
0.090649999678135	-9.0851080897703
0.090700000524521	-9.1121016334958
0.090750001370907	-9.1396236381705
0.090800002217293	-9.1673505608306
0.090850003063679	-9.1949434824971
0.090899996459484	-9.2220629398947
0.090949997305870	-9.2483589707163
0.090999998152256	-9.2734846949538
0.091049998998642	-9.2970952645804
0.091099999845028	-9.3188518483432
0.091150000691414	-9.3384230677309
0.091200001537800	-9.3554989335212
0.091250002384186	-9.3697829277138
0.091300003230572	-9.3810033356908
0.091349996626377	-9.3889187359979
0.091399997472763	-9.3933146091432
0.091449998319149	-9.3940129748354
0.091499999165535	-9.3908753122431
0.091550000011921	-9.3838001792536
0.091600000858307	-9.3727324827854
0.091650001704693	-9.3576556999899
0.091700002551079	-9.3385971765192
0.091750003397465	-9.3156277080498
0.091799996793270	-9.2888562136022
0.091849997639656	-9.2584321306185
0.091899998486042	-9.2245386662080
0.091949999332428	-9.1873945721884
0.092000000178814	-9.1472402590075
0.092050001025200	-9.1043461477386
0.092100001871586	-9.0589979890795
0.092150002717972	-9.0115024535605
0.092200003564358	-8.9621692158639
0.092249996960163	-8.9113213577172
0.092299997806549	-8.8592783017276
0.092349998652935	-8.8063645778191
0.092399999499321	-8.7528957732319
0.092450000345707	-8.6991809354077
0.092500001192093	-8.6455178827196
0.092550002038479	-8.5921949197205
0.092600002884865	-8.5394804390515
0.092649996280670	-8.4876321740206
0.092699997127056	-8.4368859164227
0.092749997973442	-8.3874633265040
0.092799998819828	-8.3395630506870
0.092849999666214	-8.2933671259597
0.092900000512600	-8.2490357173997
0.092950001358986	-8.2067100793355
0.093000002205372	-8.1665136331765
0.093050003051758	-8.1285464521287
0.093099996447563	-8.0928914275338
0.093149997293949	-8.0596128257987
0.093199998140335	-8.0287569680761
0.093249998986721	-8.0003505061756
0.093299999833107	-7.9744049086691
0.093350000679493	-7.9509133716917
0.093400001525879	-7.9298525588541
0.093450002372265	-7.9111845864161
0.093500003218651	-7.8948572680808
0.093549996614456	-7.8808047541235
0.093599997460842	-7.8689470563765
0.093649998307228	-7.8591905474297
0.093699999153614	-7.8514328987459
0.093750000000000	-7.8455590707537
0.093800000846386	-7.8414462627995
0.093850001692772	-7.8389617492675
0.093900002539158	-7.8379663562506
0.093950003385544	-7.8383135579657
0.093999996781349	-7.8398532587323
0.094049997627735	-7.8424319555510
0.094099998474121	-7.8458936832608
0.094149999320507	-7.8500794541552
0.094200000166893	-7.8548327727534
0.094250001013279	-7.8600017329729
0.094300001859665	-7.8654344605024
0.094350002706051	-7.8709870639901
0.094400003552437	-7.8765189434703
0.094449996948242	-7.8819020548522
0.094499997794628	-7.8870154871359
0.094549998641014	-7.8917501807481
0.094599999487400	-7.8960054468781
0.094650000333786	-7.8997001281431
0.094700001180172	-7.9027604534774
0.094750002026558	-7.9051312075321
0.094800002872944	-7.9067716497117
0.094850003719330	-7.9076531608062
0.094899997115135	-7.9077664181904
0.094949997961521	-7.9071141610110
0.094999998807907	-7.9057148841623
0.095049999654293	-7.9035993944066
0.095100000500679	-7.9008145133926
0.095150001347065	-7.8974172498518
0.095200002193451	-7.8934754039509
0.095250003039837	-7.8890666931437
0.095299996435642	-7.8842772560624
0.095349997282028	-7.8791994337927
0.095399998128414	-7.8739304295008
0.095449998974800	-7.8685720988552
0.095499999821186	-7.8632263660621
0.095550000667572	-7.8579982277813
0.095600001513958	-7.8529860846204
0.095650002360344	-7.8482924150638
0.095700003206730	-7.8440113000264
0.095749996602535	-7.8402290651478
0.095799997448921	-7.8370282941155
0.095849998295307	-7.8344830855857
0.095899999141693	-7.8326591007279
0.095949999988079	-7.8316065350939
0.096000000834465	-7.8313683880317
0.096050001680851	-7.8319786466925
0.096100002527237	-7.8334538400450
0.096150003373623	-7.8357967730784
0.096199996769428	-7.8390028313408
0.096249997615814	-7.8430474719493
0.096299998462200	-7.8478972398874
0.096349999308586	-7.8535033105349
0.096400000154972	-7.8598020847157
0.096450001001358	-7.8667200767242
0.096500001847744	-7.8741697461226
0.096550002694130	-7.8820510831289
0.096600003540516	-7.8902542536480
0.096649996936321	-7.8986601298602
0.096699997782707	-7.9071403266429
0.096749998629093	-7.9155581851364
0.096799999475479	-7.9237720578314
0.096850000321865	-7.9316362552139
0.096900001168251	-7.9390020905962
0.096950002014637	-7.9457199669169
0.097000002861023	-7.9516431573257
0.097050003707409	-7.9566230163889
0.097099997103214	-7.9605216039493
0.097149997949600	-7.9632060711334
0.097199998795986	-7.9645519134718
0.097249999642372	-7.9644450253401
0.097300000488758	-7.9627869428386
0.097350001335144	-7.9594906836342
0.097400002181530	-7.9544864344946
0.097450003027916	-7.9477190701897
0.097499996423721	-7.9391539224599
0.097549997270107	-7.9287714390825
0.097599998116493	-7.9165746655026
0.097649998962879	-7.9025842183191
0.097699999809265	-7.8868345645646
0.097750000655651	-7.8693840211698
0.097800001502037	-7.8503033250281
0.097850002348423	-7.8296836397089
0.097900003194809	-7.8076247854419
0.097949996590614	-7.7842431792605
0.097999997437000	-7.7596655809602
0.098049998283386	-7.7340272961536
0.098099999129772	-7.7074722141960
0.098149999976158	-7.6801447496226
0.098200000822544	-7.6521985464682
0.098250001668930	-7.6237854826174
0.098300002515316	-7.5950565476975
0.098350003361702	-7.5661588145870
0.098399996757507	-7.5372382991062
0.098449997603893	-7.5084321248454
0.098499998450279	-7.4798694434768
0.098549999296665	-7.4516739040286
0.098600000143051	-7.4239535011996
0.098650000989437	-7.3968109231387
0.098700001835823	-7.3703312837313
0.098750002682209	-7.3445885261600
0.098800003528595	-7.3196456664365
0.098849996924400	-7.2955476068969
0.098899997770786	-7.2723284407626
0.098949998617172	-7.2500070781225
0.098999999463558	-7.2285835313927
0.099050000309944	-7.2080520619327
0.099100001156330	-7.1883845526170
0.099150002002716	-7.1695428152454
0.099200002849102	-7.1514789972550
0.099250003695488	-7.1341289934848
0.099299997091293	-7.1174154331515
0.099349997937679	-7.1012570735037
0.099399998784065	-7.0855573604993
0.099449999630451	-7.0702137106616
0.099500000476837	-7.0551178557692
0.099550001323223	-7.0401563511306
0.099600002169609	-7.0252111082687
0.099650003015995	-7.0101621299955
0.099699996411800	-6.9948855445312
0.099749997258186	-6.9792682223795
0.099799998104572	-6.9631895888867
0.099849998950958	-6.9465411052864
0.099899999797344	-6.9292181130477
0.099950000643730	-6.9111250135067
0.10000000149012	-6.8921731057446
